0 27 55188 5963 34 2329 27 638 10 222 27 1360 3 3292 1 3279 43 8486 15 3696 5 3479 37 908 13 2576 27 5988 32 989 24 7506 35 6466 18 8669 46 3445 6 4056 18 3284 15 4672 25 4018 1 3517 5 6467 15 2809 47 3301 16 8962 27
1 27 81627 7094 49 5208 32 7975 16 17 42 2533 37 5938 29 4342 45 8698 25 8111 20 551 30 7672 17 3686 38 3983 45 6787 34 6562 48 9512 6 7048 21 8089 24 136 7 8518 19 9493 7 1349 36 7151 47 7810 13 9768 10 6445 39 8779 30
2 27 71074 7928 13 6624 14 6396 38 6813 9 3193 13 3330 33 1586 15 2090 5 6133 34 7261 34 8120 13 3880 31 2376 47 6993 22 7437 23 5301 14 1235 27 6430 33 7814 42 6241 8 9806 20 4990 44 3035 31 4198 19 1365 9 9352 34 2221 33
3 27 84318 8116 48 9581 8 6119 17 7230 20 8733 17 6048 12 8799 11 4755 39 1218 11 4609 9 2304 43 2342 1 9513 6 4311 15 9541 32 4799 6 7479 30 9116 50 7748 47 7721 30 7513 18 7993 11 7628 48 1350 47 3660 10 4107 13 6304 48
4 27 68267 8815 16 153 26 1032 45 6009 31 53 39 6562 18 9788 9 1864 8 7141 29 7627 33 2039 4 4232 40 6802 41 8401 9 205 4 7356 20 6872 9 8497 3 9905 5 85 7 695 48 5476 33 7307 40 4342 49 9420 19 2283 10 3574 15
5 27 80291 7550 26 4405 2 1284 10 7006 41 9981 27 8851 27 8131 6 9333 16 8712 27 1213 38 6861 21 7879 5 2021 50 5875 4 1459 48 818 10 6175 24 7662 10 6183 17 8801 15 4895 1 7343 25 2758 25 7592 22 3054 7 8361 16 6379 39
6 27 64730 172 50 6240 46 2703 48 1846 22 3058 22 1445 19 8182 30 1737 34 6494 31 7336 37 6007 44 6863 1 7915 18 1459 25 2534 37 8865 5 6236 4 5103 40 2801 48 1513 10 1319 10 2928 2 3289 14 9185 34 7646 21 9970 5 6614 35
7 27 73714 9955 30 9452 13 3506 35 5601 20 1042 39 3825 46 9830 25 9443 43 8835 13 652 14 2965 42 9130 1 6425 25 1373 47 6779 36 5931 35 5217 32 849 22 3719 50 1091 12 4638 17 3607 17 7892 1 2161 28 6513 14 7543 29 9455 22
8 27 65669 682 30 9799 4 8626 29 6392 6 6014 8 6289 14 330 7 9663 22 1118 2 9039 24 1471 32 4124 33 2711 39 9147 3 9169 1 3277 50 832 25 1904 9 6003 45 364 18 9902 5 1582 33 3011 46 4355 31 4600 45 1556 20 9378 30
9 27 79985 6052 38 9020 48 8692 38 151 18 8038 32 5042 43 6791 45 4587 6 9412 40 6510 45 7423 23 4941 29 6353 40 4225 8 1961 2 9939 12 5689 10 9562 32 3498 12 2700 37 7045 41 4179 37 5137 15 45 1 5956 4 8245 28 8778 37
10 27 69434 7858 32 9076 32 9390 36 5683 30 5400 23 990 11 8455 39 1024 4 8725 20 5246 3 4607 35 8019 1 3987 24 7556 31 3704 36 8120 11 4167 45 3643 8 4583 27 5588 32 3400 29 1294 6 3767 19 5711 43 3088 6 1745 46 4042 15
11 27 67890 5048 28 6440 6 6611 43 1641 30 1704 7 8276 48 2067 8 3726 6 9191 25 6934 36 5330 2 5504 42 5894 42 8348 40 8989 41 104 37 3121 43 2992 31 3038 34 812 43 3142 39 2790 8 4649 15 9213 39 9992 48 675 23 9549 30
12 27 80286 9065 42 7473 14 5783 12 8856 36 6850 26 8781 43 8058 18 7176 19 2910 17 4308 1 1877 8 4917 39 9146 8 9939 22 2933 37 8702 49 1281 26 2112 13 8987 17 9301 36 2943 33 2028 2 2602 3 6221 13 5872 30 3913 48 8539 31
13 27 58483 5188 34 6441 26 208 23 965 11 7721 47 7786 34 2011 25 3502 13 8960 46 2095 40 148 46 2894 20 6558 15 5951 22 2864 39 2003 4 2172 43 9529 31 4167 45 343 39 5441 29 4422 2 1253 23 5114 14 7071 11 3903 18 8256 47
14 27 59245 9937 16 1913 37 7987 27 375 41 9180 48 1135 10 3981 1 1905 23 3539 47 8803 12 7500 7 8587 16 2971 7 2526 23 2874 33 21 12 8298 34 5048 37 3062 24 8977 41 671 14 3652 3 1764 8 5326 5 5605 28 2318 4 535 4
15 27 71066 8421 7 6560 46 6729 35 8079 2 4946 28 5035 45 5364 46 8118 43 6688 41 3508 41 6143 21 8599 18 3277 3 1948 45 3658 34 2850 29 8690 12 9376 20 1546 6 4871 44 6534 7 5540 49 704 8 5293 41 8798 50 434 42 423 32
16 27 74754 9112 49 9586 9 5645 45 9892 45 1673 33 608 1 6702 5 1206 23 7700 39 7829 40 2340 33 6897 32 2275 46 6432 8 3337 4 8091 48 6904 26 9858 1 7271 1 3747 45 1033 4 2695 35 2858 1 5659 8 7991 37 3797 30 8371 45
17 27 78875 7962 48 9090 45 6057 28 3950 50 7578 3 8175 37 6105 47 9888 1 3444 20 4204 40 5006 14 6390 14 3971 33 503 19 1062 25 7515 25 2222 6 6119 31 1733 18 5130 12 7273 6 9449 27 7805 36 9580 48 6607 33 3737 13 7196 29
18 27 73913 8628 18 7211 32 7988 24 707 2 9999 30 8457 19 3910 42 8889 41 2203 13 1399 3 2241 3 7338 20 6802 47 1955 40 8261 2 3368 38 3020 30 2370 9 7906 28 9213 6 8707 19 6724 19 562 14 711 17 4476 9 7119 17 7663 9
19 27 69819 8536 14 1105 40 1354 17 5992 23 8956 13 4355 25 9073 12 7104 35 2867 13 2306 42 1131 19 7906 43 8335 31 302 4 9097 16 6262 35 8780 18 826 35 5786 19 3909 41 4883 15 2418 6 3226 21 8592 44 1683 49 8386 15 6468 41
20 27 74222 7358 2 8671 11 6607 20 8326 20 4456 5 9289 31 9941 24 8450 50 9815 34 4816 32 3639 42 1752 33 6837 37 5831 22 8951 48 1512 8 3452 35 318 8 7006 44 9278 11 2100 16 3093 41 3640 44 2242 4 7578 7 2037 18 1450 38
21 27 72902 6150 37 9926 31 9860 27 630 24 1536 31 4258 6 4139 15 6849 16 9075 50 8333 19 3692 22 6413 33 1777 40 9342 13 7909 43 7601 9 1781 28 2391 41 2754 20 9364 40 7101 23 2495 39 7587 45 4654 13 7346 36 1531 38 1310 45
22 27 66260 3322 36 4636 15 6899 45 6158 1 6603 40 4728 43 2282 34 2012 47 8123 12 4321 19 6702 7 9015 7 1271 10 7045 4 7397 4 3448 21 1439 34 6085 39 628 42 1891 32 2884 19 8926 15 452 37 9514 26 6401 34 8246 2 2093 12
23 27 76464 7161 13 9971 5 2516 20 2558 14 790 48 399 24 5037 28 5468 29 959 3 9897 34 9867 50 7172 30 7977 24 9566 24 9378 8 6185 38 5020 8 742 38 2579 1 9851 20 9998 1 2945 36 3978 14 4665 36 9466 13 1171 35 7613 44
24 27 64719 5064 41 4618 29 867 47 2638 1 6884 8 5910 27 1545 38 3627 47 4559 24 4347 4 1362 26 2267 26 5963 35 6938 33 3769 2 8178 34 9195 45 6165 11 9493 2 3463 26 6459 23 6704 5 4212 30 8453 23 306 49 2626 17 3826 44
25 27 57152 4044 38 5680 33 3272 48 4587 50 4632 31 596 46 193 39 5949 5 2816 8 9379 20 3114 43 6201 17 5065 8 717 42 876 43 1637 19 682 17 8604 4 6764 40 5403 47 3322 50 4894 14 2438 43 3520 4 9602 1 1125 15 9193 27
26 27 63500 4281 7 6535 48 8298 12 5892 34 5033 23 7250 36 526 16 3177 30 8112 48 4630 8 6363 19 200 34 5024 1 5484 48 2515 26 6177 48 8932 13 4497 31 2824 38 3515 6 6960 16 1491 38 7481 17 2469 45 7516 48 1302 30 517 1
27 27 81492 6464 42 1301 47 8040 17 2975 18 9666 6 9630 12 5487 5 4549 3 6661 11 2468 3 8050 49 5522 18 1893 39 3968 44 9619 36 1046 32 2727 48 4380 18 8864 4 7685 30 5612 16 9043 50 2471 44 9154 33 7804 21 9985 5 7921 8
28 27 68518 2722 13 1247 39 9358 15 3876 3 3298 3 9100 27 3720 16 1383 7 9197 46 1422 39 7147 42 8182 50 5726 37 7920 11 4541 41 7568 15 2005 16 6655 15 6030 31 4469 27 7133 21 3356 4 588 40 4960 34 4435 32 4374 31 6625 8
29 27 79124 7880 1 7596 1 4413 37 4343 32 2103 50 3498 7 6766 27 5639 34 5206 23 7506 13 6327 43 6002 38 4228 36 4019 4 8368 46 3861 49 9346 6 1101 10 9944 44 8441 46 4495 38 7155 10 7817 45 8845 24 8268 1 4286 44 795 39
30 27 79776 8583 23 7074 2 9976 43 5949 38 4391 46 1643 41 1755 39 7286 47 6336 32 4837 42 9391 3 8987 38 8378 4 7290 15 8199 34 5653 31 3106 28 5734 33 870 32 9620 12 9679 15 3454 33 1905 40 7980 40 5223 16 4434 16 1820 20
31 27 74263 5553 49 7025 42 5563 23 925 17 8355 33 6644 41 9815 15 2122 37 1828 3 9753 31 9585 7 2372 16 9896 45 3083 29 8560 2 4100 14 7802 24 3305 14 2698 31 7282 3 7315 27 1493 32 4141 16 9268 18 8118 20 1249 5 676 22
32 27 75239 7970 23 7566 5 7604 27 8658 3 2940 10 9179 46 6175 26 3177 7 9280 41 3733 22 324 26 7090 41 6545 7 4962 45 5613 39 4117 35 8912 34 7339 17 511 46 921 50 8807 49 6046 34 1975 24 4790 4 2416 24 8378 40 5451 17
33 27 60891 8682 46 7025 44 6140 40 5632 6 8924 45 8290 14 3761 2 4961 32 4953 18 1132 48 5101 6 2923 42 712 41 7467 41 4430 18 907 11 4913 33 3106 4 3272 40 4012 47 5984 1 1160 47 3804 21 778 6 6240 9 6106 42 1367 28
34 27 62772 3933 30 718 49 3870 49 668 28 962 32 5410 17 9336 34 9156 47 3580 42 1999 42 7588 4 7212 17 909 3 6625 14 7494 43 2394 28 2772 11 5528 41 6196 18 1923 27 9530 41 3814 15 1497 12 4494 40 1862 37 6927 15 9148 43
35 27 67475 4924 2 4619 39 2795 12 682 22 8085 45 2452 28 1106 47 5197 30 3125 26 1720 41 5640 18 6802 36 8907 16 8422 35 9030 22 3827 5 9223 46 4946 20 3759 27 5293 43 2123 44 2920 30 2742 17 8959 19 9194 31 5509 36 2950 12
36 27 66130 7671 7 3677 44 4041 9 6365 20 5715 40 2665 10 6661 23 2639 5 4617 11 6049 37 4341 42 2005 49 7360 48 6681 18 2383 31 7882 3 7839 8 8849 31 6968 13 2450 33 3504 16 3342 14 4240 30 8469 7 741 19 2745 33 2362 49
37 27 63139 1083 22 5946 14 8941 29 3746 22 4733 34 4732 31 6166 49 5146 18 4381 49 6433 25 5165 25 54 35 5881 46 7205 25 8578 16 3373 11 5639 20 3776 32 350 21 7753 33 5456 36 5015 21 535 12 2940 15 1513 25 8989 27 2749 45
38 27 72067 3013 31 8892 19 9957 20 2486 31 3482 25 5350 7 5408 50 1129 12 7134 34 8348 50 4556 32 5012 46 148 24 3220 39 9552 20 7235 16 7300 26 5484 6 9947 19 6936 28 2445 37 7036 2 4336 14 7364 21 1099 11 6321 5 944 32
39 27 59616 9502 43 4207 23 2931 10 1392 17 9025 43 2643 10 8650 39 8828 35 2369 25 4221 4 5476 9 3920 41 2729 18 1253 1 672 48 3084 25 5991 40 1949 23 3751 40 1790 27 4734 34 9986 33 3372 16 5319 42 2790 42 1496 17 7152 15
40 27 60019 160 32 432 12 1633 6 9960 16 332 2 8358 31 7574 8 1972 15 1235 6 6498 20 6440 22 2737 11 8313 26 4002 10 6495 3 1574 4 7384 8 8065 18 2165 26 84 46 3029 41 1128 3 6900 50 6317 34 6157 17 5706 48 5388 42
41 27 70405 7058 50 320 9 9860 14 8563 35 9819 49 2494 35 7666 8 4963 49 3506 41 2541 33 8593 41 4084 12 3926 42 6780 33 5540 17 777 47 2218 48 3656 29 4261 20 6214 31 868 7 4665 34 9717 27 6282 22 7618 25 4206 12 4615 42
42 27 69405 175 42 1233 4 875 22 9120 3 9369 40 5450 26 6118 12 7945 31 6492 13 7390 6 7346 8 783 29 6679 2 5153 36 7313 19 1877 38 1011 12 4441 37 6233 13 6239 3 7602 40 1328 19 4101 23 2402 42 4437 43 8099 34 9600 31
43 27 80184 4464 30 3632 17 6217 47 2087 44 4784 49 7555 26 7685 39 5488 25 2092 41 8314 19 3160 16 9043 13 9357 31 4407 6 7964 6 2688 28 2987 22 8396 3 9968 32 3648 3 9931 4 6678 17 7693 16 594 34 7958 9 9554 17 4025 49
44 27 74960 9381 33 4779 37 7188 43 4144 28 1522 30 5251 17 6333 18 6750 30 6320 32 7534 49 3351 28 7866 44 1361 24 9202 16 3292 28 2214 23 9311 43 2811 50 6087 5 9077 10 4084 27 228 18 5896 27 3100 17 6361 35 7916 11 8562 33
45 27 76627 6 24 7956 9 9891 48 5137 5 272 47 5449 32 7296 37 36 23 1846 22 7051 23 3591 49 5401 40 7865 11 26 32 7823 39 4265 30 1212 20 9739 5 9819 25 9559 40 9321 9 9524 16 9245 11 9340 40 6382 43 3162 25 2041 14
46 27 77190 3014 7 6675 42 8389 49 4330 3 5029 44 1224 17 9348 43 5993 8 7484 13 6616 9 8280 10 9270 22 3301 3 3066 14 8327 6 7727 43 1362 3 7084 2 1602 13 8754 32 9658 30 4100 5 7372 42 614 7 5404 29 918 35 9440 37
47 27 61400 4006 42 2189 23 1905 18 8528 32 4560 42 6736 43 2343 39 9407 49 7670 17 3778 19 773 1 1860 37 5059 15 4967 26 3650 9 2514 7 9850 5 7430 7 7922 9 4090 31 4902 25 475 47 5514 33 1045 35 1649 24 1304 24 8674 15
48 27 56608 160 34 3130 26 6060 31 2236 25 3489 36 5979 20 192 50 9579 31 2732 32 1457 8 4428 20 2143 24 6505 43 9349 10 8916 24 26 25 4458 5 553 19 2637 38 1793 26 1225 22 3395 18 8023 25 8400 5 6509 7 6664 38 3178 6
49 27 67348 5464 34 8949 12 6545 14 9186 21 6939 45 9725 43 6863 14 2982 5 1191 9 2778 35 8326 1 262 26 7907 22 2934 20 409 13 3376 22 8497 24 684 41 6539 21 1611 27 6215 38 3671 29 6401 5 4435 43 3563 13 4879 38 4365 40
50 27 75026 4965 21 8261 50 3192 22 6713 19 893 9 1594 28 6601 33 4148 14 1609 14 2251 32 6142 3 4636 27 8945 48 7789 25 6437 5 5315 4 7127 27 2003 18 1300 17 9589 43 6627 32 6472 28 9314 22 7791 25 3685 43 8906 27 7747 43
51 27 63044 6755 43 4442 45 3217 30 9399 33 4983 25 1162 38 3194 13 8404 32 1005 31 3964 29 4610 29 800 2 6903 34 1496 8 662 42 2052 16 8636 43 8310 4 3723 8 3087 7 584 50 8394 30 9412 48 9263 19 8180 26 597 41 2855 48
52 27 71743 7892 9 8583 37 1917 45 4980 20 6660 15 6813 22 1818 35 5381 6 5591 17 8207 37 2446 21 3486 8 739 17 1286 37 7157 42 1786 48 6600 18 786 18 9612 15 5188 24 9379 50 3945 48 8886 27 5156 28 7993 12 7516 38 3684 1
53 27 75919 8498 22 9017 33 8460 23 274 45 7572 23 613 7 8093 26 4121 30 5551 1 1631 45 3751 18 1524 6 4047 16 8619 13 6306 3 8915 3 3076 34 4585 38 6808 10 4484 30 4434 48 9088 26 8024 11 2157 24 5763 37 9421 13 7006 44
54 27 74032 4770 3 6811 41 8967 16 2043 31 7918 20 8516 4 5709 24 63 43 6055 47 1640 42 3374 15 1054 31 9589 17 9317 11 6329 23 2656 49 3727 16 839 45 8934 33 3277 3 7054 43 2057 13 7116 21 9307 22 9319 46 4663 43 6961 17
55 27 68655 8223 1 8885 41 8261 13 6565 16 2663 41 6733 3 5687 16 5437 14 8869 41 756 27 1605 23 5747 11 3744 18 8208 8 4110 20 6826 32 4420 10 2574 32 923 39 6299 37 5781 34 9790 18 5049 26 431 19 4068 38 3897 22 1760 44
56 27 67023 2934 5 7413 44 6612 22 9013 40 205 35 5499 28 5168 23 8268 17 2710 49 850 1 1868 50 4076 50 2519 44 6187 15 167 48 2410 3 2504 22 6946 17 7695 8 5256 1 5742 7 3381 10 9879 48 8728 40 2048 29 7790 17 8178 18
57 27 84739 8916 48 2713 4 9815 31 2103 26 8683 6 4750 28 73 44 7938 28 3047 31 8786 27 7292 15 8074 19 3956 24 8299 46 6740 27 6315 6 9876 27 7109 40 8257 14 4618 40 169 17 8919 43 8162 6 8273 8 6887 8 7634 28 2074 10
58 27 65030 6549 30 8533 47 4127 22 7675 41 7279 1 5819 40 3592 25 6303 11 7366 21 3927 37 9416 41 9492 38 6000 30 4745 36 3260 19 2045 10 2848 29 1006 26 2200 33 3766 29 2583 34 218 26 10 22 7087 28 5694 15 6364 9 2157 7
59 27 66019 2796 7 1289 43 8142 50 711 38 7059 10 3466 14 3235 17 3096 2 7847 30 9287 16 908 46 7287 46 9375 31 1710 40 8089 19 649 37 8375 37 1129 18 2836 41 9405 46 8100 22 4309 36 7590 7 1037 37 2138 25 9852 45 2322 41
60 27 55299 3742 47 6471 2 138 11 2022 36 4499 46 9074 27 9615 11 3817 21 4506 18 944 15 2305 33 8923 41 3969 12 15 21 457 39 3663 48 385 33 6001 22 7395 24 1308 46 1121 33 3872 35 4994 41 6105 49 8660 50 4665 15 1933 37
61 27 80117 657 1 999 24 6073 7 5712 35 8356 48 6219 9 2969 16 5082 28 8211 3 7361 34 3289 4 2474 46 8204 36 9145 19 8450 27 6455 8 6978 5 2481 2 7963 44 9137 21 6991 7 3379 12 1672 12 6939 32 7366 1 8316 5 9356 41
62 27 61598 6400 10 4626 44 428 27 2973 34 1237 50 3391 19 5703 3 4613 39 4023 5 6546 3 4266 19 8565 7 4451 32 4559 18 2936 15 6258 35 7826 36 1231 3 3014 3 7838 50 504 28 4319 6 8933 31 1045 7 3237 42 9412 3 4862 28
63 27 73308 5059 12 6609 17 4781 45 9883 39 5231 8 4626 11 2312 39 7015 2 1889 18 4081 7 3724 13 1489 20 8672 25 1413 35 8579 24 8762 39 1938 22 5958 18 1266 40 4108 49 9900 33 5661 13 6372 26 5064 12 6545 45 7170 20 8509 8
64 27 74309 4091 32 9734 3 7966 15 8129 27 4653 18 8449 10 3135 16 2802 45 5266 3 2327 27 7615 50 3602 29 9661 48 8175 30 3118 35 1839 8 6567 25 9063 32 2589 43 7611 41 9960 11 4203 46 4828 4 3040 44 2408 17 1020 22 6768 23
65 27 69709 9052 29 7470 26 3258 39 261 49 4147 29 9373 11 7710 11 3103 22 5553 14 4082 5 8859 12 3110 1 5355 17 9969 24 1891 36 3698 42 3164 19 4520 24 4458 32 4222 6 4310 46 4516 21 1906 20 43 10 9735 26 9917 43 5737 28
66 27 63084 6843 43 1247 13 168 37 9899 15 430 12 1384 1 2187 43 2432 10 7148 43 2705 15 1464 12 8336 8 4772 20 8333 40 6662 22 417 7 7864 13 3019 32 1151 19 8248 31 8683 33 2881 19 8175 15 3629 24 4757 35 9688 22 3647 23
67 27 62734 429 20 2444 14 2161 8 1887 27 5314 50 592 34 4133 42 305 31 9674 37 8363 7 9855 40 6923 35 4563 31 8872 3 603 18 8625 33 3639 19 2496 1 6526 32 4727 41 484 20 9226 16 9764 30 3348 39 4868 13 4695 25 952 19
68 27 66575 909 16 6000 30 2468 4 8649 43 336 39 8513 34 789 40 9917 18 5932 2 3537 9 1368 2 7391 17 5441 8 9129 35 3332 32 4456 43 8298 5 6724 15 3408 25 8209 45 363 23 9278 4 814 47 5723 47 2298 11 4606 17 5263 48
69 27 77411 1084 3 605 14 7189 39 9348 44 7233 47 8450 6 1113 7 2032 22 1952 45 8746 31 6250 12 3127 22 9008 25 7582 13 5441 46 8312 26 9898 17 9440 39 5557 39 1434 41 9135 34 3096 47 8092 28 5920 45 3874 16 3976 25 6929 4
70 27 78655 4798 36 5230 29 5901 21 7927 12 9898 26 9480 39 7614 36 827 50 4176 11 5283 24 6560 24 5103 29 6121 28 3496 46 1802 24 9901 49 6360 31 5329 10 2153 5 2823 50 7431 3 7739 46 3690 15 6795 16 4878 29 7841 37 8155 45
71 27 68775 267 25 4622 13 722 23 538 24 9373 47 2104 1 5508 6 4308 31 6306 40 6985 46 5837 24 5312 34 4891 39 7412 31 7977 18 2025 44 6192 48 2006 15 9420 45 239 42 5792 44 9845 1 2950 2 2333 7 8593 17 6002 29 9991 13
72 27 71614 3412 33 7854 26 3964 30 9093 40 4073 37 5338 30 4901 9 1325 41 6253 18 185 49 7470 36 2952 3 5092 44 5471 45 5972 13 8757 36 3046 10 2911 9 8792 3 5700 14 9991 39 1646 42 4850 22 2734 4 9141 18 9902 10 2403 3
73 27 59269 2764 46 4396 35 1290 19 47 47 8806 42 3008 16 6452 49 71 4 1015 11 5892 12 1304 43 4685 38 4546 25 3307 47 434 12 7299 50 5907 46 7784 47 1117 32 3595 22 7274 4 7990 27 1105 10 8580 21 4472 24 7482 26 7916 16
74 27 54765 6165 12 2342 21 6908 25 1532 9 2324 41 4956 9 7339 24 641 35 8698 14 238 37 7990 44 1098 22 6164 19 3745 45 1344 10 2162 10 4121 3 3331 31 3630 14 4291 5 1356 48 8764 44 8022 6 2330 19 21 18 9757 12 261 4
75 27 60016 7283 27 2774 27 2773 20 2687 37 4329 9 5789 11 6891 20 5225 31 8075 30 6779 40 1626 2 8945 5 4222 15 2874 30 3326 37 1183 11 2263 8 7987 37 777 25 2673 8 184 12 5468 24 583 42 4607 9 3624 37 8198 1 8888 44
76 27 65844 1907 11 8810 31 9790 38 619 24 5448 33 7631 34 4760 9 3292 17 6994 5 1684 19 5039 28 5025 48 8703 13 8245 5 8000 41 8561 12 6900 43 3601 37 6663 24 834 45 4907 18 2866 16 1078 7 5882 23 613 15 1193 1 2644 20
77 27 57141 5698 46 1682 45 4352 34 8385 13 9845 34 8957 46 671 20 721 6 7866 27 2123 31 5292 2 6887 25 326 1 1442 19 5854 35 4088 1 1783 19 1845 34 1802 31 5398 49 1865 5 7796 37 6326 16 6742 41 495 17 4922 36 1120 10
78 27 67098 9663 46 2011 4 9316 16 5188 3 5766 22 5523 13 5808 27 543 7 1675 9 8263 22 3997 38 4337 39 5131 31 2307 2 6969 26 4563 31 1223 25 7734 38 7140 23 292 6 8947 17 3220 4 5843 14 2310 19 8873 25 6042 19 1512 28
79 27 69746 9959 42 1561 15 3045 29 2043 8 5159 15 532 44 155 22 4868 46 6929 14 8964 48 4919 8 261 29 5026 35 505 17 8354 16 7797 14 5010 7 8054 37 8971 11 5747 37 2545 40 8741 16 9857 39 7144 21 4502 43 8589 10 255 19
80 27 68299 7037 40 2673 6 445 41 2252 8 6050 10 8388 5 2196 8 2468 42 5945 12 2931 37 1579 39 6575 22 9161 27 8716 50 6736 20 6270 22 4709 45 8227 3 6335 30 6613 36 4789 50 9190 36 2358 7 1277 4 3020 9 2042 48 8617 21
81 27 75195 5210 43 8386 11 2780 8 5581 3 8416 27 7482 21 9913 11 6533 50 5452 32 4189 37 241 48 6416 46 1569 26 3288 17 9375 4 5837 35 7948 25 3895 27 4282 27 9981 49 9405 12 8969 17 1773 3 4316 26 3385 7 2362 27 3406 29
82 27 65638 1223 24 8455 12 1140 31 2765 29 8765 14 3903 12 7790 34 1190 20 7232 45 1584 3 9911 6 4405 29 6931 41 5435 44 470 40 773 42 165 29 2553 5 9759 19 4633 26 8732 35 3887 23 3070 28 6994 3 2022 27 9205 35 8284 10
83 27 76663 8863 14 4102 49 7210 21 5840 34 2614 4 9912 18 3660 20 3186 42 4545 19 3178 33 7493 49 6211 37 9252 34 9415 6 2868 49 8417 32 9264 21 8730 23 3441 21 806 7 6925 17 3924 34 6739 12 5228 35 1730 7 2418 23 7356 30
84 27 69661 61 7 9563 25 1414 33 7173 33 6864 39 5053 46 9261 45 2866 19 7251 42 3487 27 6726 25 988 3 4212 19 6709 29 4643 16 7960 3 7022 24 4178 38 2656 2 970 22 490 24 4169 3 3570 36 8873 23 9528 9 4699 5 8936 38
85 27 72090 4557 47 1106 17 6127 49 8033 36 6803 6 7959 32 2545 17 5034 16 9190 25 2239 8 4329 11 3095 1 9333 22 5560 31 5226 47 2420 34 3993 25 103 19 5625 35 556 28 5892 16 9759 37 8184 44 4654 23 9371 43 7082 49 5405 27
86 27 62831 3252 37 9150 13 5119 28 6009 38 3213 1 1062 15 6471 39 7801 28 5466 45 8243 26 4833 29 2720 36 151 42 2730 35 2140 34 113 43 2870 14 6905 40 6341 13 1877 6 2913 41 9220 35 2329 23 9112 46 3417 7 5721 49 6485 42
87 27 87427 7734 37 3233 14 6571 25 8597 35 3467 19 8649 22 2158 41 9636 37 7246 1 9677 18 4635 7 6190 49 8854 8 3805 26 4206 41 5718 41 9627 2 5106 50 3378 3 5584 47 7873 34 9920 32 1925 5 6768 22 8455 46 8339 42 7504 30
88 27 67523 9540 7 6837 46 7283 44 6336 2 5685 14 1005 40 4863 35 844 49 283 18 7382 2 1450 8 9756 19 1180 13 3717 18 4004 22 6750 45 3929 36 9590 13 980 27 3266 16 942 22 3805 5 7708 1 8955 40 6068 38 4543 17 8346 1
89 27 61659 8438 25 5213 6 5394 18 6077 43 5462 7 2081 3 271 10 31 38 2427 22 510 31 3128 19 7231 34 2559 49 1122 1 7167 17 7751 6 8991 15 461 36 1234 38 9231 45 9246 11 4449 17 722 31 9404 48 8155 15 5730 32 834 11
90 27 76846 9716 44 2611 37 3196 29 6655 49 8085 47 6613 47 2732 47 7786 14 893 32 9624 44 6548 47 8876 3 6196 30 8568 26 4664 3 1238 29 5496 50 1567 43 6328 23 2341 14 6569 6 5661 2 9504 46 3966 48 6829 41 4793 26 6638 19
91 27 59191 2031 33 698 50 1110 11 2702 47 6091 49 2546 9 9591 26 8581 34 5989 1 9941 49 7153 44 1447 18 2543 25 1058 36 8003 47 1004 33 3232 3 3334 41 9766 35 3040 8 583 37 2569 25 7162 1 1160 1 9002 50 1151 4 6895 49
92 27 73179 3623 38 7224 32 6773 28 1431 28 7962 12 8532 45 5354 49 3681 43 6857 15 6682 25 7139 43 3277 49 3345 28 5750 48 4783 45 9796 7 2082 21 5789 6 1300 19 5685 11 8232 18 6907 35 5217 37 8330 25 1201 11 4201 42 5205 27
93 27 62658 9342 50 9755 41 5749 37 4087 46 9294 18 1619 34 7725 18 5004 11 8531 35 329 37 6819 47 2376 48 321 28 158 21 4619 13 1997 12 264 3 1755 14 8992 41 4259 37 8361 27 6070 37 5147 23 2198 27 4307 28 5465 25 774 40
94 27 61968 2625 44 4120 34 1966 40 848 12 5402 11 2065 8 9826 8 9348 35 2044 10 6313 13 6497 9 5537 44 1487 43 3923 2 7319 46 1143 43 2141 12 5429 6 6704 26 4419 5 7387 35 5612 12 242 11 7648 35 5371 11 6749 17 1771 35
95 27 71331 6912 8 2127 34 6561 48 1881 5 2092 21 9317 20 8126 22 3796 46 4476 34 1731 39 1097 22 4101 45 609 21 9057 7 7689 29 9642 2 436 20 8137 48 3917 17 7403 11 4037 21 9880 14 5442 27 3762 19 7560 42 9059 7 3815 9
96 27 63151 3753 25 8982 11 8132 22 6339 25 3974 27 2244 10 2826 13 2127 28 4873 15 3298 4 7381 39 1131 42 1359 42 2985 17 50 49 9928 2 7574 9 9314 7 1930 5 6181 5 1483 24 4365 8 7288 43 4536 10 1709 35 3264 39 9276 46
97 27 70298 6582 34 5787 16 1051 37 2717 30 5990 40 6238 4 8698 19 3660 28 6774 42 3301 38 9449 39 332 36 9100 40 4521 15 7481 46 9460 12 4429 49 3628 31 7435 44 9160 26 2985 49 5079 32 6268 40 6559 41 231 11 530 32 3151 13
98 27 69339 6367 3 9252 37 7317 32 1034 29 7146 13 4727 23 3645 11 3468 7 1936 4 905 17 4485 24 4808 45 6564 39 9957 45 7422 8 657 38 8062 11 1027 28 9344 10 8506 39 3874 34 3613 21 1744 32 3027 32 6235 33 9750 21 3807 7
99 27 71504 4465 22 5947 22 6519 18 3881 25 3508 42 3435 36 3671 31 9297 29 5619 23 8112 32 3393 8 9015 21 2591 50 3053 42 2320 11 3248 35 9933 47 7558 1 5266 40 9977 23 6083 14 6010 5 8894 7 4633 12 4829 47 95 23 1656 10
