0 27 463 50 50 49 12 47 21 48 28 45 29 40 4 41 30 46 32 38 45 34 13 39 44 44 38 43 21 20 18 13 6 32 9 36 45 42 18 31 22 35 37 29 40 26 23 25 28 6 48 27 35 8 46 33 31
1 27 470 50 32 49 24 48 26 44 44 47 22 46 25 37 16 39 16 36 32 45 41 40 40 42 25 43 4 32 31 34 9 1 21 41 6 38 6 30 31 33 25 16 8 28 47 22 26 17 47 27 22 25 23 31 31
2 27 448 49 12 48 28 47 42 41 1 45 48 46 23 44 31 42 16 43 9 37 33 28 16 9 19 30 47 40 41 39 11 21 16 33 50 38 50 35 9 18 45 36 22 20 3 24 50 32 44 1 14 26 11 25 33
3 27 464 49 36 48 19 47 30 45 14 31 33 46 38 32 47 44 19 40 39 43 50 36 37 39 30 37 41 41 34 38 32 18 49 28 22 42 34 29 37 35 10 34 10 30 12 21 48 27 7 20 48 26 22 3 19
4 27 458 49 10 48 8 46 41 45 46 39 28 47 26 37 22 44 50 42 1 40 20 43 21 41 4 38 15 29 32 33 22 36 8 26 49 23 1 5 25 4 49 30 1 31 46 35 3 32 41 19 35 34 45 21 17
5 27 481 49 47 46 42 45 6 43 46 47 5 48 14 42 42 36 3 19 8 44 42 38 20 41 16 37 26 22 16 29 19 40 13 33 11 39 5 34 20 31 15 35 14 28 23 24 30 30 23 27 41 23 28 32 6
6 27 471 25 19 49 47 48 14 47 10 41 4 44 2 42 2 46 15 45 22 43 34 12 9 39 28 28 13 27 4 38 40 35 47 40 14 36 20 30 27 37 44 23 46 33 15 24 24 34 3 32 27 29 18 16 25
7 27 453 48 13 49 2 47 31 37 28 43 35 45 38 46 19 44 39 38 47 41 27 42 23 30 3 40 16 36 17 35 28 39 33 33 38 11 30 14 46 31 22 29 14 19 49 2 41 27 14 34 27 28 48 18 46
8 27 477 48 47 49 24 47 41 43 1 45 6 46 41 38 19 41 29 42 2 35 26 33 31 44 41 40 27 37 47 32 16 21 21 23 12 29 35 39 11 36 25 31 32 34 14 25 2 28 45 15 39 27 2 26 37
9 27 468 49 19 48 14 39 39 47 25 46 4 44 23 31 40 45 23 43 45 42 2 32 11 40 19 34 5 41 50 36 5 35 21 38 8 27 23 33 27 21 15 37 8 30 32 28 35 26 28 2 9 29 3 13 42
10 27 465 49 21 48 34 42 37 47 8 46 15 41 15 44 37 40 8 43 43 23 13 45 4 33 13 39 21 38 47 37 39 35 20 31 5 18 19 34 29 30 32 5 34 36 17 26 23 32 25 25 38 29 13 14 14
11 27 468 49 41 48 33 47 30 46 12 45 4 43 24 44 31 40 44 42 44 35 13 34 15 30 27 41 24 39 27 36 7 29 17 31 43 18 13 19 38 26 31 24 9 37 25 28 2 38 26 23 43 13 41 32 15
12 27 460 49 26 47 23 48 31 38 32 46 3 45 5 33 43 44 19 42 40 40 4 36 28 41 47 31 45 43 8 28 36 35 7 16 48 39 40 37 41 34 19 25 23 27 12 22 29 4 9 18 4 20 26 32 17
13 27 460 47 13 48 49 49 26 43 49 44 17 38 35 42 27 46 32 41 3 45 23 34 37 40 28 39 14 36 50 4 37 27 21 25 49 20 49 22 1 35 8 19 39 28 47 37 43 30 38 32 18 26 17 24 4
14 27 451 49 20 47 43 48 9 44 43 46 8 45 19 41 6 36 12 43 43 35 14 39 28 37 44 40 33 38 41 42 18 31 39 23 48 21 24 33 11 30 46 24 7 6 6 20 22 34 23 32 47 3 30 15 42
15 27 468 49 43 48 33 47 37 42 33 46 41 45 44 44 50 43 37 35 1 26 18 39 6 38 49 41 5 40 47 33 9 30 45 29 38 21 45 37 16 32 3 19 15 31 17 3 45 25 1 36 23 34 19 24 6
16 27 461 49 22 43 50 42 2 45 27 46 32 48 13 47 43 44 46 35 31 40 22 41 8 39 2 37 47 34 46 38 23 33 1 27 40 31 35 32 13 28 5 36 16 1 49 19 27 21 2 14 24 30 42 22 16
17 27 455 44 17 49 16 46 46 48 26 47 12 43 11 38 42 37 42 45 38 41 28 42 6 32 5 39 7 31 12 33 14 40 18 18 2 35 2 34 48 23 31 17 32 12 37 36 3 30 46 9 35 15 17 26 31
18 27 459 49 41 48 24 45 14 46 36 40 6 47 32 44 28 43 19 42 10 38 22 17 35 37 17 36 11 41 39 14 12 39 33 35 10 33 35 30 41 28 16 32 40 34 25 13 11 23 20 18 6 31 26 16 10
19 27 466 49 32 48 13 46 50 44 4 43 17 45 2 47 34 35 23 42 1 41 2 39 10 36 2 33 38 38 38 40 30 32 47 37 41 28 26 27 20 25 30 29 21 23 2 34 29 20 46 1 16 30 5 21 50
20 27 471 49 10 48 47 41 41 47 3 46 23 45 46 42 40 14 47 44 6 40 34 31 32 39 5 43 41 37 37 25 23 36 45 32 16 27 31 16 27 38 8 24 18 26 7 35 10 33 7 22 17 34 50 28 5
21 27 468 46 32 48 20 49 34 21 11 43 16 47 9 45 31 44 28 35 11 22 38 40 11 42 40 41 21 39 11 37 24 11 14 33 29 38 39 24 37 31 39 36 28 29 9 34 6 16 47 30 16 23 26 32 49
22 27 443 49 11 46 44 48 39 43 42 44 18 47 2 45 17 40 34 42 25 39 12 21 17 29 5 4 28 36 46 41 1 27 39 38 4 37 1 13 3 34 33 15 9 18 36 30 5 17 35 28 34 31 2 24 31
23 27 477 43 8 49 4 47 46 48 5 35 35 46 6 45 8 41 50 37 6 20 31 44 18 42 6 31 37 23 28 18 20 38 48 33 41 39 35 22 23 40 8 36 36 34 48 32 30 28 17 29 41 24 36 30 28
24 27 462 49 21 47 6 48 2 46 18 45 2 11 15 43 29 42 36 34 8 44 19 39 39 20 10 41 40 40 21 26 20 37 48 38 11 35 32 36 3 25 49 19 8 28 27 33 49 29 20 31 34 7 16 32 40
25 27 469 49 14 48 45 42 17 46 50 47 1 41 40 30 44 40 35 45 30 38 40 43 34 44 50 34 26 35 42 31 16 37 21 36 3 3 26 19 17 18 15 28 3 39 12 33 23 26 41 29 2 32 10 25 1
26 27 463 48 28 49 45 47 19 41 34 46 22 42 15 44 5 45 18 40 41 43 42 39 3 37 50 36 44 33 4 38 3 32 21 27 40 31 20 8 17 34 41 26 31 35 16 30 49 18 15 15 39 24 14 19 8
27 27 468 49 39 39 25 30 46 48 15 45 19 46 42 29 42 44 31 40 32 47 46 42 2 37 31 38 33 43 42 36 44 41 1 25 17 32 13 28 4 35 49 34 47 33 22 26 26 6 23 13 42 20 12 31 29
28 27 464 49 6 47 33 48 44 46 40 31 37 38 14 45 12 44 48 43 41 42 15 41 11 30 47 40 15 36 48 20 23 28 48 37 21 35 16 39 9 27 16 16 50 32 13 34 23 33 23 29 44 7 31 11 39
29 27 460 49 13 48 21 45 6 47 43 46 32 37 16 44 16 43 22 39 26 41 49 42 21 38 10 36 45 30 15 16 9 8 24 29 35 40 46 24 11 23 25 35 42 33 27 28 3 32 22 34 6 14 25 19 48
30 27 454 49 25 47 7 46 38 48 41 45 40 44 26 40 50 36 34 42 49 41 33 43 44 39 35 37 28 31 25 27 37 30 4 38 17 2 25 5 8 32 4 34 33 33 28 23 36 24 28 17 36 26 5 29 50
31 27 468 49 21 48 33 45 25 47 37 46 16 37 19 43 30 42 48 39 50 44 32 29 3 32 37 41 38 35 22 30 40 40 10 36 41 21 3 16 2 7 28 33 40 28 25 31 47 38 27 27 46 34 1 18 43
32 27 463 49 44 45 2 48 50 44 14 47 30 46 22 43 48 36 8 29 41 40 35 42 22 13 7 41 14 39 15 34 25 24 33 27 43 10 26 23 17 37 34 14 14 35 29 33 16 28 49 30 14 38 16 31 39
33 27 477 49 29 47 35 48 33 46 44 43 48 42 44 26 21 45 5 39 21 44 41 41 17 32 40 30 1 40 10 28 7 29 40 34 35 25 2 36 8 23 20 37 5 31 47 35 37 38 45 13 13 21 9 33 34
34 27 458 46 4 49 41 48 2 45 18 47 39 34 50 44 5 39 36 33 7 43 6 42 49 14 37 41 26 40 20 22 1 38 23 26 50 30 45 37 45 27 32 35 16 28 21 36 8 6 9 24 11 31 48 12 2
35 27 456 48 34 49 30 47 2 45 15 46 31 43 28 44 1 18 42 42 47 41 11 37 20 35 17 40 5 31 28 38 29 33 22 36 29 9 7 34 3 23 24 39 48 20 41 25 12 13 42 30 47 19 30 27 11
36 27 466 49 19 48 46 46 9 47 35 44 36 42 8 40 11 45 47 30 7 43 30 37 34 16 14 25 21 24 1 39 11 41 26 38 26 26 42 17 13 34 38 31 8 36 32 29 14 35 18 11 16 32 3 28 27
37 27 448 49 31 48 21 46 46 47 17 44 8 45 27 39 19 43 42 42 4 34 12 38 25 33 12 41 45 40 40 17 31 32 30 21 8 36 13 37 22 25 2 19 25 35 14 29 5 15 29 12 5 3 1 26 18
38 27 475 49 25 44 45 48 6 47 11 43 41 46 13 42 29 45 31 27 11 40 43 24 22 41 30 23 6 36 41 29 15 39 42 28 44 22 11 32 33 38 26 37 5 25 29 31 43 35 48 26 18 34 31 19 5
39 27 479 49 18 47 2 46 49 42 30 48 30 44 8 45 16 41 12 43 19 32 27 23 18 12 17 37 9 39 3 33 48 30 8 31 28 38 48 40 47 36 3 29 43 24 26 28 44 27 10 34 44 25 28 35 34
40 27 474 49 28 37 39 48 43 44 21 45 45 47 37 46 8 43 22 21 41 40 44 36 29 42 24 34 20 39 5 41 6 20 43 38 26 26 7 33 5 30 10 32 11 29 7 35 23 22 16 31 46 15 5 25 27
41 27 461 49 47 48 16 47 50 46 25 44 35 40 34 37 38 41 35 45 18 39 8 38 16 43 30 42 15 36 47 16 37 34 11 29 39 27 10 24 33 31 22 35 24 14 21 19 23 28 11 21 16 26 50 23 9
42 27 440 49 24 48 44 47 46 31 6 46 27 42 19 43 13 44 22 39 14 45 15 38 3 37 46 41 24 16 6 35 5 40 12 34 35 2 47 21 44 18 6 36 13 22 18 32 27 24 24 26 27 19 34 6 44
43 27 475 49 38 48 50 47 6 45 5 39 26 46 21 43 43 42 29 44 38 41 9 38 15 36 49 35 1 40 2 31 40 33 37 37 49 22 14 28 38 20 29 26 41 29 10 12 25 30 18 24 21 32 35 34 21
44 27 478 49 21 48 3 46 40 47 17 44 33 45 43 43 9 35 22 42 49 41 5 32 21 40 12 37 34 25 7 36 8 33 37 20 21 30 48 39 21 29 28 15 17 38 24 34 45 31 19 24 48 27 40 26 31
45 27 466 49 49 46 4 47 35 13 17 39 9 48 27 43 4 42 2 36 14 45 1 37 2 44 46 20 26 41 30 40 17 27 31 38 25 33 42 26 20 35 42 32 11 19 18 25 31 31 8 22 3 30 14 24 1
46 27 449 44 42 49 13 48 46 43 43 42 18 45 46 47 35 46 37 40 43 41 49 39 19 37 7 36 37 38 4 31 3 29 6 28 8 35 45 6 41 12 42 34 9 30 28 33 44 5 15 32 46 2 50 27 47
47 27 446 49 50 48 1 47 27 46 6 32 45 41 28 45 34 35 34 44 23 40 42 39 43 43 25 33 40 15 7 37 6 42 23 20 38 14 22 36 11 22 19 23 50 28 22 29 2 18 6 34 43 30 42 3 25
48 27 467 49 41 47 31 48 30 40 45 46 36 44 4 45 42 31 25 29 24 23 39 42 19 43 17 39 24 32 39 38 13 9 43 33 13 37 35 41 21 34 48 36 3 35 9 22 11 28 29 26 35 30 3 8 21
49 27 458 49 45 46 20 48 29 44 49 47 39 45 46 41 3 42 16 43 37 37 2 31 23 38 6 35 37 40 38 29 44 16 45 34 7 33 35 30 16 23 43 36 39 4 23 39 48 8 14 28 46 19 17 32 23
50 27 478 49 50 48 38 42 31 45 3 46 29 47 17 32 41 37 25 41 15 40 37 43 20 30 19 44 14 39 19 21 32 31 16 34 44 33 8 36 6 25 45 35 23 38 11 26 17 29 33 18 46 27 25 20 2
51 27 457 49 35 48 7 46 15 40 4 45 32 47 4 34 7 44 41 11 43 42 13 41 9 21 37 38 37 39 4 35 47 43 42 32 40 27 5 31 9 10 46 26 4 37 24 19 31 29 38 36 36 28 19 17 29
52 27 469 49 39 48 30 47 23 44 22 40 17 46 6 45 8 42 24 41 14 43 4 39 36 33 3 37 16 32 19 35 2 19 17 38 31 36 22 26 16 12 47 20 2 27 10 34 34 30 24 29 35 24 49 23 11
53 27 471 48 15 49 25 42 5 40 29 47 32 46 4 45 10 36 43 44 31 43 14 41 8 23 42 30 29 35 40 39 20 34 47 29 13 20 30 38 16 26 17 37 2 31 18 17 26 33 9 19 37 18 5 32 6
54 27 467 49 34 48 5 46 1 42 39 45 21 47 35 39 34 40 50 44 7 41 35 23 25 43 39 34 3 31 16 38 5 14 8 37 15 33 21 35 13 36 44 29 1 32 2 20 29 16 50 21 8 27 29 24 39
55 27 450 42 43 49 29 35 9 48 49 47 40 45 2 46 17 44 25 43 5 40 24 34 22 36 11 41 49 13 46 16 46 11 10 39 32 32 11 21 5 29 50 38 27 37 43 22 13 27 14 26 3 31 13 9 23
56 27 474 49 11 43 38 48 48 40 35 47 48 45 18 46 44 38 12 41 7 19 22 44 22 37 28 29 39 35 9 42 41 21 26 31 48 30 15 15 47 34 41 25 31 39 33 36 23 26 40 32 12 33 17 23 42
57 27 455 48 39 49 10 44 48 39 5 47 9 40 48 42 33 45 37 46 37 43 28 41 34 32 32 37 19 38 29 33 26 19 49 21 30 34 1 30 27 36 36 20 6 27 48 18 33 15 1 31 13 22 41 14 44
58 27 469 49 50 48 36 46 41 42 1 47 26 44 11 45 49 43 31 38 41 35 32 32 35 36 5 40 33 17 47 41 20 39 6 10 42 31 8 37 14 33 40 12 41 25 3 34 47 28 17 30 10 29 48 27 25
59 27 469 49 25 48 17 38 13 44 15 47 1 46 33 41 32 45 32 42 46 36 4 39 21 43 2 34 39 33 8 15 27 40 25 27 28 37 15 25 40 32 31 28 27 30 1 23 49 35 43 21 19 29 39 11 36
60 27 475 49 18 45 2 46 12 47 30 48 49 39 36 43 20 41 38 22 50 44 1 42 2 40 48 36 31 38 38 25 4 28 46 35 6 37 12 30 29 33 37 31 4 34 19 23 32 12 30 27 50 26 3 29 24
61 27 443 49 11 47 37 48 8 46 48 37 22 36 23 45 10 41 48 43 35 44 42 38 3 40 18 18 32 33 10 30 5 42 27 24 23 32 43 39 32 12 44 34 34 31 48 19 3 6 41 16 9 26 22 11 17
62 27 473 49 13 46 38 43 4 47 21 48 44 42 42 44 15 45 41 40 7 37 28 41 48 22 3 38 47 21 48 39 24 25 8 36 35 30 36 34 43 35 45 29 9 32 47 26 31 16 50 28 34 33 24 20 14
63 27 449 49 2 45 34 48 39 47 37 46 28 43 16 41 2 28 15 42 37 44 47 34 2 39 13 29 37 37 47 40 14 38 18 13 25 30 16 10 1 35 26 31 39 21 40 24 43 36 42 12 48 14 16 23 38
64 27 462 48 7 49 4 32 45 47 17 46 25 41 47 42 21 45 24 43 5 38 2 37 26 40 33 44 14 39 34 34 15 36 5 26 6 35 18 25 7 24 25 33 16 27 35 9 42 29 3 31 17 6 41 19 29
65 27 429 49 30 47 35 48 14 42 20 46 32 45 18 44 27 34 21 35 47 40 19 43 17 18 13 9 44 13 42 39 19 41 12 38 14 37 15 30 32 15 27 33 4 31 13 8 48 36 8 2 19 16 17 19 14
66 27 465 49 1 48 49 42 22 43 50 45 22 44 18 47 42 46 15 32 16 34 5 39 18 41 26 37 33 40 26 26 14 30 32 36 47 27 20 19 30 35 49 33 1 38 16 25 7 9 33 22 46 28 26 16 47
67 27 462 49 47 19 42 48 26 42 8 47 2 44 15 45 44 46 20 43 10 40 32 39 29 31 43 41 6 36 2 30 50 37 14 38 45 34 36 6 31 29 7 24 48 35 39 33 45 32 42 23 11 9 18 25 8
68 27 480 49 41 47 45 42 26 48 33 38 26 44 49 46 8 37 19 45 28 43 26 29 39 41 32 26 12 40 4 39 17 35 28 34 33 19 4 33 26 30 11 31 5 28 15 32 2 27 40 24 28 36 33 17 17
69 27 436 49 48 47 4 48 39 46 13 45 19 40 49 39 34 43 31 12 6 44 41 36 21 38 14 41 40 42 10 5 33 16 9 33 43 35 21 21 15 37 43 11 15 34 32 23 37 18 39 31 8 14 31 24 18
70 27 454 49 19 48 49 47 2 45 11 41 2 46 48 42 5 36 20 44 8 39 44 43 27 21 15 40 18 38 17 34 48 35 12 32 31 14 11 28 38 37 43 20 30 24 45 29 42 10 38 31 41 19 37 16 16
71 27 461 47 9 49 26 45 32 48 36 46 32 31 15 43 2 41 3 6 26 36 44 44 17 28 31 32 8 40 44 38 36 42 6 39 9 35 25 37 34 34 15 17 1 30 40 33 3 20 21 26 15 22 9 13 13
72 27 480 49 32 48 3 47 9 37 10 44 9 46 42 40 5 45 19 41 27 31 37 39 30 29 31 42 20 43 35 38 15 16 40 33 39 28 31 30 30 36 31 32 10 34 28 26 18 22 42 25 37 35 23 24 9
73 27 476 46 49 49 41 47 5 44 9 35 20 48 31 45 16 43 44 32 33 38 50 37 36 42 8 40 17 39 35 41 43 26 5 33 4 36 25 31 30 34 28 16 31 30 46 27 35 17 12 25 34 23 38 29 34
74 27 486 49 6 46 40 48 10 39 2 41 49 35 1 47 22 44 42 45 47 30 9 32 44 40 45 25 43 43 20 42 44 34 43 23 10 36 31 37 17 24 18 38 45 26 48 33 11 27 24 31 48 29 47 28 32
75 27 468 49 47 48 19 47 47 32 16 44 8 46 46 45 42 15 47 41 28 43 2 38 6 37 6 33 16 39 50 42 21 34 15 40 36 27 16 24 50 28 16 31 45 30 29 36 44 16 12 14 2 35 15 22 25
76 27 459 49 9 47 37 48 18 46 7 42 28 44 41 45 3 43 4 35 36 36 13 38 28 41 10 39 16 34 49 40 47 37 40 33 46 27 7 2 34 31 10 30 31 28 48 15 15 23 31 11 46 29 29 26 17
77 27 462 49 10 48 8 47 30 46 20 43 35 44 37 40 2 31 36 45 13 41 9 27 26 42 24 39 9 37 15 34 37 26 6 36 13 38 22 32 40 33 42 35 49 4 32 19 16 29 2 7 45 30 20 22 50
78 27 455 49 7 28 11 48 11 45 21 47 25 46 6 39 28 44 9 43 29 41 10 42 31 37 11 27 5 40 33 11 47 25 50 38 48 14 2 31 31 36 29 35 27 32 20 7 34 17 32 22 13 34 15 33 6
79 27 457 38 18 49 45 48 5 44 14 47 19 46 23 39 49 43 6 41 12 45 6 40 24 42 20 32 42 34 50 33 10 8 18 30 22 37 33 31 50 26 28 27 16 36 37 35 50 15 28 22 25 2 26 24 40
80 27 480 48 41 47 31 49 35 45 45 44 48 46 1 32 11 36 34 43 43 31 37 40 41 41 15 37 2 42 18 35 39 39 14 24 50 29 49 38 3 25 19 26 5 33 28 30 3 27 26 17 5 34 30 23 23
81 27 474 49 25 46 48 48 6 45 42 47 10 36 48 44 21 38 6 40 9 37 12 43 37 34 14 41 50 42 35 35 25 28 33 32 23 39 10 30 19 33 11 29 8 22 49 11 27 31 35 17 20 25 28 26 29
82 27 455 49 45 48 50 47 41 44 30 42 31 46 30 45 37 41 25 43 9 40 12 36 36 38 40 4 49 39 3 32 31 37 9 34 38 5 27 28 29 30 12 26 15 27 12 25 14 33 16 29 7 12 49 31 21
83 27 470 49 50 48 12 43 13 47 27 46 23 38 40 42 23 40 27 31 31 45 12 39 45 44 16 18 12 41 26 35 2 37 23 36 42 20 41 32 33 29 12 34 50 27 14 28 7 25 41 33 32 14 46 19 46
84 27 452 49 45 48 34 39 41 45 17 47 4 38 29 46 8 37 49 42 46 41 14 36 11 44 50 43 17 40 5 35 26 28 6 17 16 18 29 32 7 20 16 30 22 33 14 11 21 23 34 5 42 34 21 24 24
85 27 453 49 30 48 48 47 46 46 48 45 32 44 17 42 45 41 10 43 39 36 45 40 10 20 23 22 30 33 27 38 11 39 37 37 18 34 13 30 42 19 42 32 11 23 29 16 16 13 36 31 18 18 41 21 4
86 27 461 49 33 48 31 47 36 46 7 20 9 45 7 44 22 43 43 41 44 39 45 42 38 23 33 37 47 28 25 40 22 35 27 32 1 31 32 36 46 38 46 34 9 33 43 27 19 25 30 26 18 4 44 10 25
87 27 463 48 31 47 34 49 13 46 15 41 41 45 13 44 5 39 32 42 33 37 21 36 11 31 35 34 18 43 7 38 21 40 28 7 37 24 17 30 4 33 37 26 20 27 2 23 46 35 9 22 19 21 1 19 33
88 27 448 49 28 48 26 45 6 47 2 46 35 44 23 32 45 43 49 15 12 42 49 41 6 37 40 23 30 38 45 4 25 25 45 36 22 29 1 40 27 39 17 28 29 31 13 34 5 35 37 24 44 19 10 2 39
89 27 452 48 38 49 8 47 1 43 2 42 6 44 24 39 1 46 39 41 10 34 48 45 36 38 3 37 6 31 2 35 42 40 17 17 33 25 13 36 4 30 20 26 38 3 49 22 13 33 1 13 48 8 37 32 31
90 27 475 49 27 48 41 47 5 17 22 37 20 46 29 43 34 45 49 44 37 27 36 41 43 42 28 21 7 40 32 35 41 34 13 39 47 32 5 31 8 36 50 13 29 25 32 30 25 38 5 28 27 33 16 29 14
91 27 472 48 5 49 24 46 31 47 34 35 40 45 41 43 8 44 43 42 8 37 48 34 10 38 40 20 17 40 14 41 24 36 38 39 26 29 4 30 7 33 4 28 32 31 36 4 9 27 36 32 29 26 49 21 38
92 27 450 49 2 47 9 32 21 45 31 46 32 48 44 44 38 38 9 11 34 31 47 43 35 41 27 33 25 42 1 22 9 40 32 37 26 39 7 35 43 36 2 30 20 29 30 18 18 28 39 13 9 17 37 7 9
93 27 455 49 40 46 41 47 39 48 32 45 15 40 43 43 10 34 5 44 26 24 50 39 20 38 24 41 25 42 19 31 38 28 13 12 33 36 28 32 15 7 5 37 8 22 8 30 47 25 21 33 14 35 8 3 8
94 27 461 49 32 48 31 45 11 47 37 46 3 44 30 16 32 24 1 42 29 43 20 35 11 18 32 10 35 38 14 33 11 37 2 41 48 40 28 39 45 22 37 29 5 27 45 36 39 31 27 34 44 17 20 32 32
95 27 440 47 45 41 38 49 14 48 8 46 18 45 11 44 7 43 35 40 49 38 21 29 6 42 22 35 8 34 19 20 25 32 18 36 5 39 32 23 23 37 30 28 30 25 29 3 20 8 47 17 24 1 32 31 46
96 27 470 49 39 47 2 44 21 48 3 46 26 45 10 43 40 37 22 42 43 40 39 39 31 27 37 28 47 17 19 38 28 41 13 34 32 21 6 29 39 32 28 26 47 36 34 22 44 35 21 31 43 20 31 24 22
97 27 457 48 1 49 30 46 35 40 33 38 41 47 28 45 5 22 28 39 42 36 44 43 19 44 26 34 17 41 1 42 35 5 44 20 24 31 32 35 12 19 1 17 25 37 30 32 34 30 49 28 36 33 48 14 20
98 27 449 45 28 49 50 48 47 46 38 47 31 43 25 41 38 44 49 36 45 23 46 42 38 37 1 31 44 39 11 38 16 34 48 40 13 19 19 9 28 32 3 6 6 29 22 16 9 28 47 27 37 35 46 14 43
99 27 467 49 44 47 39 48 32 45 33 44 34 46 18 37 50 31 5 43 15 26 32 41 4 33 12 35 41 40 17 42 33 25 1 39 42 32 48 28 41 29 8 36 30 34 37 22 32 38 8 14 33 11 35 19 17
