0 27 2514 300 25 172 40 362 45 211 14 128 46 218 48 208 35 82 45 21 45 261 21 98 26 191 1 8 25 230 14 42 32 90 43 59 13 232 20 107 42 233 36 389 2 284 47 386 17 243 9 11 3 281 11 181 21
1 27 2895 161 40 297 42 304 38 176 45 230 34 157 14 205 15 7 39 400 46 391 33 144 28 151 36 286 14 41 16 174 21 236 36 312 34 228 15 373 3 159 5 188 17 168 42 81 26 332 31 73 22 315 16 202 16
2 27 2836 154 37 179 44 205 4 366 42 189 27 76 16 44 48 370 4 202 9 21 21 52 1 399 34 181 21 257 46 239 8 113 42 145 43 137 1 146 4 292 34 282 17 302 25 367 21 31 20 380 1 393 31 151 41
3 27 2670 366 34 13 23 331 1 280 43 194 26 285 32 228 30 335 20 315 17 86 16 93 4 39 23 124 20 173 18 352 26 58 18 111 22 140 41 225 21 35 18 299 21 252 26 186 47 166 4 235 34 47 38 372 21
4 27 2958 313 41 246 30 292 23 389 11 183 11 252 25 187 25 209 4 73 31 55 50 282 43 299 49 146 33 332 44 370 3 217 35 195 12 214 39 86 3 199 18 165 1 42 1 225 2 106 49 232 13 350 15 257 48
5 27 2279 63 4 380 45 50 2 249 16 136 46 279 1 34 14 55 32 183 21 234 26 121 8 377 29 258 10 243 10 224 49 7 38 4 39 184 3 192 35 318 29 148 29 13 11 196 45 30 20 77 39 396 7 107 49
6 27 2613 8 32 99 16 120 2 304 5 155 47 239 24 325 18 172 4 230 34 289 28 79 44 7 48 272 47 46 28 245 2 78 2 386 26 218 7 73 11 336 20 150 9 396 17 82 1 149 18 339 26 346 35 84 45
7 27 2123 6 30 392 36 325 46 65 26 81 41 345 37 22 20 47 7 89 48 267 36 115 49 87 15 216 27 340 13 111 23 59 19 102 1 56 26 146 20 154 28 312 50 314 33 19 12 241 9 60 8 95 26 181 40
8 27 2341 223 7 279 37 220 3 297 40 354 47 295 32 44 14 37 23 326 36 86 10 57 50 51 15 9 8 161 34 165 41 73 39 50 3 225 21 155 23 60 10 372 4 391 15 319 29 188 44 17 25 54 23 174 4
9 27 2233 139 34 213 50 267 27 240 41 315 41 193 41 61 49 163 20 359 34 25 1 101 44 280 40 248 14 144 20 190 49 10 23 11 9 142 37 32 3 341 27 343 4 75 8 33 41 50 36 291 45 117 32 83 14
10 27 2607 146 29 283 37 377 42 209 38 153 50 326 3 334 29 145 10 73 50 136 30 75 21 273 26 6 15 20 22 197 4 85 42 232 19 228 11 162 38 148 14 290 23 118 25 203 15 284 26 264 21 357 40 91 29
11 27 2662 365 48 344 36 169 40 342 5 33 25 123 12 285 37 151 32 102 40 57 22 214 9 386 49 86 1 20 43 91 12 271 5 110 16 343 28 257 34 35 39 360 9 52 45 345 3 228 47 242 34 218 8 95 5
12 27 2853 56 30 355 27 174 45 89 47 52 50 162 44 379 19 229 13 259 40 122 11 384 18 113 14 64 6 399 33 313 43 339 21 225 44 299 48 290 39 394 43 88 8 238 17 78 16 79 36 158 2 198 41 170 10
13 27 2781 256 35 168 5 370 32 347 8 304 23 153 3 121 43 141 16 335 31 125 23 247 2 190 27 90 47 29 37 40 50 149 45 334 16 303 47 48 11 251 20 315 5 242 7 97 10 244 27 384 18 123 38 157 2
14 27 2594 227 6 380 15 95 29 213 41 14 28 42 17 27 39 79 29 210 43 233 2 302 31 263 45 158 46 112 32 335 20 183 11 275 14 226 21 242 40 214 8 70 5 124 48 295 2 276 4 146 10 107 47 340 19
15 27 3009 191 47 167 4 329 1 74 13 262 50 177 39 173 18 380 36 49 42 300 46 86 3 323 41 199 32 248 45 274 16 388 22 382 41 202 33 266 15 296 18 41 36 290 10 265 25 187 14 18 38 361 3 91 36
16 27 2559 243 41 169 40 37 42 258 24 316 41 217 17 225 34 333 20 151 23 5 40 335 22 266 21 87 33 110 49 337 50 234 32 40 3 173 27 44 30 52 9 220 28 397 4 360 17 4 35 73 46 219 46 213 41
17 27 2585 332 48 331 36 200 14 67 41 166 40 219 12 269 21 72 43 42 49 390 45 11 8 251 45 82 48 113 28 362 5 259 9 354 41 345 5 257 11 248 22 202 16 135 23 288 7 15 30 4 26 61 26 95 25
18 27 2871 177 22 137 31 232 47 37 23 393 41 229 6 388 2 157 6 289 29 293 47 194 24 303 49 350 22 162 27 186 6 54 13 277 40 45 10 238 33 32 31 174 12 113 16 342 20 206 23 315 2 266 38 154 16
19 27 2812 389 27 127 18 365 34 321 27 162 12 323 22 299 6 205 29 81 19 314 45 334 8 215 39 280 29 342 45 168 47 62 7 274 41 24 38 74 44 116 36 5 40 57 3 297 13 384 27 181 47 122 16 104 38
20 27 2699 156 33 16 47 79 33 144 41 291 19 233 14 158 6 209 23 141 13 214 49 68 11 362 1 87 42 299 10 160 3 399 15 337 14 12 18 149 5 60 39 123 42 305 30 197 13 104 40 326 17 390 45 379 3
21 27 2705 395 16 397 45 177 6 247 26 70 36 141 31 103 41 187 12 280 9 53 36 140 1 248 45 42 25 112 32 69 40 334 15 107 30 260 36 37 8 363 7 193 3 139 47 296 26 360 25 234 12 262 26 165 9
22 27 2678 120 6 234 33 189 2 225 25 317 31 356 28 118 43 185 30 99 28 135 37 224 30 114 34 156 50 147 17 263 25 344 21 310 29 209 14 303 33 32 35 239 9 231 43 334 31 272 20 69 46 49 33 82 29
23 27 2670 124 6 144 1 201 14 110 29 372 23 133 7 304 18 45 12 172 27 5 5 107 26 125 25 323 25 309 5 281 40 386 4 247 29 204 48 292 16 278 15 138 13 21 44 280 15 55 1 291 11 155 49 239 31
24 27 3247 76 13 356 34 170 38 326 5 191 22 283 47 171 26 212 1 340 1 363 11 294 42 377 49 244 20 311 50 168 1 181 45 214 38 131 33 275 6 89 17 227 21 315 50 96 28 302 35 379 14 347 22 57 24
25 27 2530 172 50 143 33 249 10 135 31 57 48 68 37 282 44 242 20 263 20 292 27 321 39 255 22 374 35 85 20 56 41 195 30 392 37 214 43 199 48 173 5 248 43 41 29 38 32 51 50 253 42 29 24 233 35
26 27 2577 395 6 19 30 77 26 172 22 205 16 160 18 308 8 318 32 212 15 224 2 245 12 85 45 113 38 189 41 63 21 375 7 178 45 88 6 371 12 29 25 327 39 145 34 146 12 265 10 226 41 22 2 198 17
27 27 3220 366 37 57 7 149 29 33 5 206 28 245 13 348 6 392 24 382 32 170 17 229 31 383 38 8 25 251 30 228 50 298 44 86 6 300 34 334 32 390 41 309 34 53 8 289 46 282 22 127 3 340 6 186 25
28 27 3343 93 43 249 45 174 27 294 23 270 29 280 21 164 13 52 4 255 13 339 8 120 30 303 3 353 32 308 43 289 43 119 33 285 17 228 11 43 21 385 14 265 34 167 29 388 22 284 50 211 43 371 40 397 26
29 27 2465 294 28 183 38 266 25 256 49 111 23 378 23 217 50 58 31 101 24 16 20 302 3 91 37 301 29 273 42 276 50 136 5 282 23 71 8 81 21 218 3 198 41 199 50 151 50 125 17 169 11 115 23 62 45
30 27 2814 247 5 220 46 342 25 179 17 47 36 219 3 149 18 345 19 166 46 322 17 320 40 87 50 160 48 316 32 261 10 380 15 80 25 57 6 55 23 54 40 21 22 395 19 239 41 339 6 212 23 358 1 59 9
31 27 2211 363 6 74 46 166 34 76 33 365 2 241 22 7 15 25 48 35 48 292 5 38 35 45 43 221 7 130 9 24 39 21 31 314 17 399 47 144 31 211 45 23 32 53 37 158 1 71 7 194 27 394 28 339 50
32 27 3037 29 3 182 38 278 22 60 11 335 28 109 32 271 41 344 18 313 28 370 49 235 20 371 44 66 49 137 43 319 27 93 48 330 24 387 9 295 48 269 31 126 29 362 48 219 8 265 31 187 29 121 8 1 14
33 27 2946 123 49 353 16 370 29 160 19 260 35 207 21 231 4 191 11 281 20 325 29 338 34 45 19 68 33 99 40 241 2 356 13 150 10 30 19 190 41 339 50 125 45 372 7 349 12 270 29 194 9 219 27 6 39
34 27 3065 346 38 337 37 28 38 392 43 90 3 324 10 393 15 99 44 141 43 365 50 143 26 269 24 359 12 332 27 340 37 367 37 77 5 273 4 243 17 398 34 19 24 43 11 338 41 4 30 336 20 29 28 46 49
35 27 2633 1 6 310 35 84 1 173 50 37 49 304 12 305 48 78 2 381 46 127 24 59 14 116 12 46 3 334 26 33 29 275 33 136 19 369 37 42 18 325 40 321 36 146 21 263 50 351 11 126 26 142 44 382 37
36 27 2571 396 15 164 28 245 38 13 30 174 33 98 12 274 15 338 16 388 24 261 8 260 10 200 36 138 18 127 31 102 15 78 18 28 8 213 16 22 44 191 4 392 4 128 8 141 43 397 14 55 6 154 17 166 3
37 27 2529 252 3 73 30 33 24 146 12 141 23 119 5 190 40 199 32 346 42 135 23 276 17 148 41 273 3 244 39 218 47 390 20 221 21 104 46 16 18 38 41 188 43 330 28 93 12 234 48 297 34 223 15 131 14
38 27 2352 387 34 157 26 353 5 67 25 77 40 80 22 305 47 60 45 385 4 327 14 46 40 88 31 87 36 166 10 50 47 175 38 32 33 113 36 140 32 360 16 21 40 238 27 188 47 274 22 202 50 35 49 291 24
39 27 2871 29 27 9 44 238 10 42 12 398 25 295 12 361 34 193 20 201 15 311 38 99 36 315 20 87 16 257 35 356 32 265 34 291 11 122 2 52 35 249 29 331 11 341 16 55 10 117 22 123 4 213 21 392 29
40 27 2905 42 28 96 50 315 1 132 29 334 24 189 7 225 43 92 24 173 22 336 13 338 42 324 6 113 46 159 27 266 50 307 10 180 2 109 46 4 42 224 40 165 15 296 40 339 15 233 11 302 45 250 43 268 5
41 27 2555 308 16 365 34 83 17 43 42 246 44 51 43 194 18 289 9 382 34 300 42 123 14 274 35 167 20 236 9 38 40 316 3 6 2 385 22 94 29 269 39 281 11 88 24 129 26 32 12 112 33 104 36 196 29
42 27 2704 220 14 99 5 323 38 96 40 342 1 193 28 125 36 156 43 375 36 104 12 110 34 390 43 245 1 376 50 286 23 181 7 37 29 111 11 318 8 52 9 210 45 136 34 130 44 327 6 231 32 70 42 165 9
43 27 2919 385 11 111 12 261 46 34 41 52 22 271 14 284 40 223 36 398 32 180 35 366 9 280 42 317 11 273 36 2 39 396 38 349 6 249 9 53 35 201 6 208 23 169 42 162 43 27 11 374 6 148 39 66 27
44 27 2294 182 32 89 6 319 41 394 14 380 43 371 29 103 23 15 6 78 22 230 48 265 44 140 41 54 14 48 3 4 16 132 36 47 20 143 18 262 37 183 42 31 4 22 35 128 36 340 6 209 22 355 26 65 45
45 27 2571 268 20 160 16 223 15 381 4 252 29 173 45 248 35 83 31 228 13 184 49 197 13 236 39 68 46 162 25 21 26 69 39 295 30 156 17 294 38 22 46 66 45 92 16 181 24 296 8 286 31 208 34 293 43
46 27 2301 74 13 38 35 287 9 60 7 299 7 86 4 375 31 141 47 28 8 143 19 23 23 244 20 282 31 252 41 115 45 83 40 9 22 327 45 130 38 201 28 238 33 219 20 173 17 148 31 309 18 305 33 14 25
47 27 2979 16 44 378 6 160 22 138 50 130 9 226 26 291 15 128 20 359 15 303 29 37 25 295 36 357 3 305 14 337 18 340 2 12 17 7 23 391 46 22 22 256 49 48 48 314 25 368 24 92 20 352 28 296 48
48 27 2810 215 5 352 19 370 38 37 9 239 50 177 47 122 17 244 44 99 44 238 47 159 12 116 34 55 37 237 34 232 34 348 38 385 17 309 22 103 17 62 2 394 8 175 12 101 18 350 2 164 39 274 1 63 8
49 27 2508 157 49 44 41 182 28 190 22 14 6 30 36 310 49 347 13 144 7 138 5 257 7 8 22 295 7 396 47 321 5 106 21 150 48 53 29 137 26 193 45 107 30 254 5 376 19 84 8 207 41 216 13 300 38
