0 27 225 1 24 3 3 2 6 20 17 4 32 5 36 37 29 8 6 6 37 7 21 12 25 13 39 25 29 29 43 30 31 9 50 10 5 16 38 28 38 18 30 44 7 17 6 21 43 24 7 31 36 11 49 19 25
1 27 232 24 9 11 39 1 4 2 20 4 24 6 20 14 47 3 5 5 35 34 22 13 7 9 2 7 21 20 45 8 46 12 17 15 26 18 3 40 37 27 2 25 23 39 29 38 10 10 46 16 4 22 34 42 19
2 27 212 1 33 2 1 4 17 3 9 5 31 7 21 20 42 8 4 12 25 6 34 36 17 43 41 14 12 10 30 19 11 22 44 13 27 11 47 15 7 37 7 26 26 16 28 9 44 23 12 25 40 17 40 21 28
3 27 243 1 34 2 39 3 27 9 5 8 10 6 48 30 19 4 16 5 22 20 40 31 49 38 7 7 17 17 45 11 12 36 35 14 30 23 42 25 29 16 17 12 5 18 24 15 25 19 37 35 24 42 46 39 38
4 27 254 1 14 2 43 3 15 21 1 4 32 6 32 9 15 5 26 7 29 30 1 32 11 34 15 17 17 19 46 8 34 47 22 10 19 13 16 41 41 25 20 29 36 43 34 38 9 16 45 24 14 14 3 11 47
5 27 229 1 29 5 10 2 49 3 8 20 37 25 6 37 22 4 23 16 35 6 19 19 28 39 43 7 14 12 22 46 26 10 6 8 39 23 25 22 24 15 4 13 50 17 24 27 36 35 4 21 35 14 5 11 41
6 27 227 1 21 2 15 11 27 3 47 23 1 46 38 5 14 9 17 13 37 4 20 6 25 25 47 19 28 7 6 30 20 38 34 26 48 22 8 16 33 18 41 12 35 10 22 8 50 20 19 32 20 35 16 14 42
7 27 234 2 28 1 47 3 41 45 48 8 30 7 31 6 6 4 49 15 42 18 35 9 13 12 46 5 19 19 36 11 27 27 8 10 46 13 20 21 6 36 13 16 2 41 11 35 1 17 2 26 48 23 43 38 43
8 27 225 2 50 1 15 10 33 50 8 19 14 3 14 5 19 13 28 6 43 22 32 8 46 9 34 7 10 15 48 4 37 14 33 21 47 26 47 12 5 24 41 11 43 18 6 17 8 39 45 16 8 35 25 44 4
9 27 212 1 48 4 47 3 7 7 25 22 14 8 48 2 17 5 6 13 29 6 32 9 49 16 20 15 10 12 43 11 38 28 45 20 27 21 16 25 3 29 3 26 50 17 43 14 50 33 40 24 41 18 38 35 13
10 27 241 2 3 1 40 4 31 34 14 3 35 21 30 12 8 13 37 5 33 7 15 27 31 10 14 16 17 45 48 6 10 19 16 8 42 9 34 36 49 11 3 33 34 14 26 46 46 17 34 26 20 18 7 39 29
11 27 233 1 18 2 35 4 27 12 19 8 23 18 44 9 29 3 15 5 6 10 44 6 11 13 29 7 4 17 14 21 8 11 18 25 1 15 8 45 37 24 22 33 5 37 18 27 41 38 10 14 15 42 6 20 30
12 27 216 1 41 4 18 2 17 8 7 11 45 7 30 17 50 3 35 14 43 23 24 28 34 10 33 5 43 24 46 13 26 25 18 19 24 6 12 47 31 12 17 18 1 9 13 35 13 20 43 30 3 27 13 15 8
13 27 229 1 40 2 6 3 11 24 24 18 39 8 10 21 12 13 13 4 38 30 43 39 27 26 49 38 44 9 37 7 41 5 37 10 24 16 7 29 8 15 46 17 9 12 26 6 26 20 23 49 31 14 9 22 49
14 27 248 1 43 2 43 3 45 4 17 44 7 5 1 6 5 32 42 8 9 11 15 7 32 10 15 28 21 47 25 22 49 43 49 12 37 16 3 13 17 17 6 18 6 9 6 14 10 40 32 20 41 30 48 34 4
15 27 241 1 32 5 36 9 20 23 37 7 2 2 11 22 27 13 3 4 27 6 3 3 15 35 38 12 2 8 18 10 11 11 50 14 37 33 33 20 36 21 37 24 46 36 2 25 30 30 22 18 44 41 18 49 47
16 27 246 1 22 8 45 17 17 6 6 3 30 7 39 4 21 10 39 2 39 18 17 5 24 12 28 32 48 13 8 37 42 26 46 47 48 9 32 11 7 14 2 46 10 16 40 49 34 34 18 21 6 25 5 20 15
17 27 206 1 14 2 11 20 44 3 39 17 34 8 13 11 43 12 37 18 50 5 49 24 1 6 22 4 15 14 44 15 13 33 19 9 44 7 33 16 27 22 29 46 27 23 7 21 5 27 45 10 31 13 39 26 1
18 27 250 2 28 3 18 32 42 7 35 1 5 4 13 5 5 6 34 27 40 39 44 20 28 16 30 8 47 11 37 19 18 23 33 41 45 45 8 15 31 10 47 22 33 9 21 13 34 25 14 42 44 26 40 29 1
19 27 243 1 47 2 27 5 45 10 25 3 33 16 17 7 26 32 32 9 29 6 7 4 37 27 25 42 16 8 8 14 12 24 7 12 12 11 12 44 37 13 18 34 10 18 7 26 4 36 18 38 18 23 49 22 3
20 27 214 1 13 3 11 5 6 2 30 6 1 9 4 31 36 4 29 7 12 14 41 13 39 28 6 32 27 10 37 8 22 11 17 18 25 47 25 19 7 16 1 20 43 12 31 27 42 23 33 15 22 17 33 30 12
21 27 228 3 42 2 46 1 24 21 43 9 23 6 14 26 44 4 7 12 48 13 7 5 25 10 22 7 11 23 17 8 26 15 38 14 30 19 36 11 21 41 29 25 13 39 37 20 7 32 27 31 39 16 30 44 17
22 27 214 1 12 17 46 3 41 2 19 15 38 5 36 4 18 11 45 9 6 34 33 6 2 18 49 10 13 8 17 7 42 16 32 23 17 19 14 13 43 28 33 14 50 22 4 24 11 12 9 29 11 39 6 40 40
23 27 197 1 27 2 1 5 1 3 6 4 42 7 14 6 25 21 5 8 49 10 4 20 33 11 8 14 49 9 47 33 27 24 3 17 40 16 14 23 23 28 1 18 13 29 21 26 5 12 40 19 31 15 26 13 17
24 27 261 2 14 1 29 5 14 3 16 4 46 15 26 21 33 47 23 7 47 44 16 49 49 18 3 9 39 12 37 6 44 8 4 41 24 24 2 22 26 10 27 13 10 11 20 38 20 29 40 42 12 14 42 27 34
25 27 249 1 1 2 38 3 40 5 3 9 32 31 27 10 17 4 3 8 22 6 25 25 40 19 24 7 29 37 7 13 30 12 37 45 39 11 41 15 49 16 35 29 41 18 8 32 33 48 18 23 9 44 22 26 12
26 27 219 2 32 1 43 25 28 11 2 3 7 5 21 4 8 8 21 9 45 19 20 6 3 15 22 10 21 28 21 26 29 20 8 7 10 22 29 14 39 34 39 29 21 16 32 13 35 12 28 27 1 35 32 37 36
27 27 225 1 36 3 16 4 2 2 50 5 30 21 43 12 28 7 38 16 7 6 5 23 31 8 18 29 47 9 46 10 15 19 41 34 47 32 32 24 36 11 33 15 42 14 46 13 2 37 22 20 9 40 16 35 23
28 27 217 1 34 6 32 3 30 2 7 4 34 12 26 8 26 20 39 5 21 11 11 16 15 29 36 24 3 9 22 7 38 43 13 14 30 18 50 27 18 48 2 19 43 10 8 15 28 17 18 22 36 13 46 31 43
29 27 226 2 24 47 46 1 31 3 4 5 11 10 2 4 1 6 42 7 40 9 6 24 37 8 44 15 5 25 38 22 32 18 50 26 50 11 50 13 28 28 36 16 8 19 32 32 14 17 8 23 25 35 31 27 25
30 27 227 1 12 8 23 4 46 2 6 5 1 3 1 19 11 6 41 9 9 16 29 23 32 7 48 21 33 10 4 13 27 48 36 11 11 36 25 26 19 18 1 37 7 12 27 17 25 22 42 29 35 14 33 38 3
31 27 258 1 11 2 26 8 45 39 2 3 4 5 34 4 10 7 44 6 49 24 40 37 22 9 11 25 7 42 48 10 14 20 4 16 41 19 16 23 8 32 4 48 14 35 1 31 24 28 7 18 38 11 46 13 42
32 27 210 1 4 2 9 3 22 13 46 12 12 19 33 18 13 16 24 6 31 22 8 23 25 4 5 21 28 8 29 5 36 11 49 7 18 9 31 10 3 31 18 14 29 32 19 41 7 20 11 29 19 27 40 17 28
33 27 221 1 42 3 24 2 7 11 50 8 16 4 25 6 8 33 41 5 22 9 38 25 43 47 19 13 37 21 49 7 43 32 21 16 16 10 25 12 28 17 20 48 21 26 24 14 23 20 6 19 12 15 47 18 39
34 27 243 2 33 8 3 1 27 12 20 5 1 3 43 19 5 14 13 4 17 9 39 21 36 18 12 7 38 25 44 6 41 10 28 17 14 11 48 16 2 42 45 32 40 31 18 15 47 39 18 29 20 43 27 47 31
35 27 210 2 30 1 7 10 23 6 33 4 46 12 48 3 25 7 45 14 29 8 41 5 5 9 4 34 7 18 34 11 9 20 20 29 12 22 22 16 28 19 32 33 49 25 42 15 14 44 8 13 40 17 32 23 23
36 27 228 1 33 5 29 2 23 3 5 4 16 8 40 6 23 39 31 10 4 15 23 18 23 38 18 21 17 7 31 33 50 23 43 12 21 44 19 16 26 17 50 31 41 9 16 13 18 14 40 27 41 19 1 22 47
37 27 203 1 42 5 39 8 42 4 23 3 50 2 31 7 18 13 8 6 27 32 32 10 36 12 48 20 33 21 10 9 31 17 3 25 44 26 45 41 25 16 34 14 32 29 46 15 34 11 36 18 18 22 1 19 25
38 27 220 6 36 2 33 1 15 3 25 22 8 5 18 13 47 12 19 4 27 31 46 8 26 24 38 9 21 16 38 10 47 7 42 33 20 14 1 38 14 49 44 30 43 19 23 17 14 11 33 15 16 23 17 18 39
39 27 255 1 20 8 43 3 48 6 47 13 40 26 30 2 8 4 43 7 50 11 21 10 38 9 47 5 40 17 21 23 1 12 40 46 35 47 10 19 30 14 12 20 21 30 32 38 39 25 30 43 39 22 2 49 29
40 27 228 1 11 2 22 4 39 3 40 34 50 5 39 11 50 25 19 7 11 8 47 13 22 6 40 26 36 10 35 48 28 12 18 20 8 31 38 32 8 16 13 28 30 27 19 9 32 14 35 15 27 30 24 19 16
41 27 245 2 17 1 29 3 26 7 8 34 49 4 17 11 16 5 1 23 33 8 4 39 22 6 44 10 39 44 31 22 17 21 19 9 1 35 26 25 11 29 46 12 11 37 36 15 45 17 19 30 17 14 8 27 22
42 27 270 1 2 2 20 3 4 4 27 6 31 18 9 9 14 16 12 19 35 5 37 10 42 8 24 43 44 11 10 12 13 36 25 27 36 47 18 29 30 49 7 7 41 42 10 24 9 34 37 17 13 41 18 20 48
43 27 208 1 6 8 17 26 21 2 26 5 23 3 11 4 18 6 5 15 34 37 11 7 24 28 2 18 9 25 32 11 15 10 3 13 13 33 19 17 37 9 41 27 20 14 1 31 20 20 12 19 19 16 32 12 28
44 27 205 3 13 1 28 2 33 6 42 4 26 12 10 18 9 8 30 5 15 9 37 16 27 7 35 27 32 10 8 11 40 14 12 24 22 13 9 26 28 21 9 23 41 15 4 31 12 30 7 19 19 17 9 39 50
45 27 240 1 2 2 23 3 48 4 16 5 5 6 32 8 47 15 34 29 25 16 2 34 22 9 19 10 10 27 14 7 50 11 20 31 45 35 32 30 11 25 27 18 49 41 15 17 1 26 12 20 25 13 36 37 40
46 27 245 1 34 2 26 4 50 10 11 3 41 21 9 12 1 23 12 5 4 11 21 8 20 6 9 7 16 35 3 13 28 16 3 18 15 9 49 19 11 37 30 28 43 47 31 46 28 14 28 29 40 43 44 24 50
47 27 225 1 32 8 14 2 34 3 7 7 6 5 44 16 23 4 36 38 47 20 2 48 7 11 11 14 29 34 16 19 26 10 23 24 33 13 11 31 50 6 33 12 17 21 49 25 16 28 45 23 49 18 1 9 17
48 27 240 5 9 1 46 2 6 3 15 6 18 9 26 15 47 8 44 16 33 4 49 12 48 13 18 19 38 38 6 26 35 37 16 44 41 22 30 7 50 49 50 27 6 35 44 10 5 31 18 14 48 17 24 11 43
49 27 225 7 23 1 23 4 14 14 32 2 39 11 34 5 36 3 40 8 42 6 15 9 19 12 41 31 27 22 31 26 31 38 33 35 47 18 18 17 25 10 5 16 3 25 40 24 38 20 15 30 14 41 42 15 48
