0 27 201 1 36 2 12 7 41 5 19 3 32 4 44 11 45 6 42 12 33 8 37 15 25 20 21 10 7 9 16 16 2 14 3 13 42 25 41 18 32 21 17 19 48 26 2 23 45 17 34 22 24 48 48 27 11
1 27 242 1 12 2 13 3 18 5 10 6 21 12 22 4 16 10 28 8 4 7 11 9 20 13 50 11 1 26 7 15 24 14 41 29 34 42 30 18 26 25 1 23 31 40 1 17 6 16 8 48 32 45 34 35 19
2 27 213 1 8 2 29 5 26 3 44 10 44 6 26 4 9 13 28 36 45 8 44 7 7 9 20 20 2 27 19 12 5 26 8 21 9 18 28 19 24 15 45 17 12 22 43 14 10 41 46 16 10 11 29 44 20
3 27 205 1 39 2 4 4 35 3 36 13 39 9 20 25 25 5 17 7 24 8 30 6 28 23 50 16 25 11 19 41 29 10 33 24 40 26 27 18 47 14 44 12 21 20 49 17 47 15 9 31 9 30 20 19 11
4 27 216 1 15 4 31 3 33 2 31 5 14 6 36 9 43 8 11 10 27 7 20 40 26 19 13 27 9 12 1 37 3 16 31 11 23 14 3 18 28 13 26 34 21 23 24 39 2 21 7 15 29 17 11 22 28
5 27 214 1 23 7 14 3 42 2 47 5 1 4 17 6 12 16 24 8 23 43 5 10 24 12 15 15 15 9 45 13 43 11 42 17 14 20 43 49 4 18 24 14 46 22 35 34 39 19 29 27 42 21 11 23 33
6 27 236 1 34 2 16 4 36 3 50 6 13 7 14 9 26 22 7 5 42 17 11 12 33 8 37 20 2 11 3 16 46 32 7 29 1 18 50 28 21 13 39 50 34 15 28 49 43 10 7 35 5 37 39 14 32
7 27 239 2 50 1 22 7 27 3 38 4 37 5 46 38 19 6 12 9 15 10 37 23 15 15 31 12 12 13 6 8 5 31 10 37 1 22 28 11 13 43 26 21 9 35 44 25 26 24 27 30 7 14 11 29 41
8 27 209 1 5 2 34 8 6 5 41 3 16 9 8 6 42 4 22 13 10 10 7 18 39 12 30 7 5 11 7 30 28 25 6 31 25 38 19 15 42 19 28 14 32 21 11 16 2 23 41 27 23 29 20 22 9
9 27 205 1 20 3 26 6 39 2 7 4 18 19 23 7 25 13 41 5 22 24 30 16 19 26 27 12 25 17 11 9 4 14 2 10 47 15 42 38 13 8 36 21 26 35 48 11 25 22 40 23 34 18 32 31 48
10 27 204 1 47 14 8 3 25 2 39 6 2 12 35 4 28 7 18 9 48 8 36 15 20 5 25 23 11 21 17 11 40 38 47 10 22 16 23 19 40 28 17 20 5 24 6 13 38 18 3 22 48 25 21 34 7
11 27 212 1 27 3 15 2 33 14 19 5 27 7 43 4 28 6 18 10 26 9 29 8 40 11 29 12 1 16 38 25 44 37 36 24 16 27 6 20 44 19 47 15 21 28 4 18 7 17 34 30 3 22 14 34 2
12 27 199 1 1 2 16 15 22 3 29 4 14 5 10 10 25 6 27 9 40 7 41 34 17 11 21 24 36 26 2 28 9 12 35 8 47 14 26 18 5 17 37 16 20 20 15 19 46 13 16 25 47 21 37 31 43
13 27 202 1 20 5 39 3 30 2 34 4 46 8 30 6 33 23 30 9 41 27 4 17 15 10 11 14 12 7 10 18 33 11 4 12 9 29 32 21 7 13 12 20 50 24 29 22 39 19 4 16 19 48 49 15 4
14 27 202 1 11 7 10 9 28 3 40 2 42 11 3 5 5 12 31 4 28 29 43 15 8 10 30 6 40 23 4 16 36 14 36 8 7 17 20 28 41 22 28 20 6 13 16 18 42 24 32 37 47 31 29 19 49
15 27 219 1 29 2 45 9 35 5 43 3 2 4 36 7 7 8 12 11 49 17 19 6 7 10 5 12 26 16 3 15 50 37 19 13 33 18 47 28 47 33 18 24 13 14 16 43 31 22 29 29 15 21 31 31 30
16 27 219 1 3 2 47 3 28 5 24 4 20 6 48 10 35 11 17 7 44 9 20 25 47 8 1 18 41 13 31 21 10 12 39 28 4 17 1 16 6 14 15 32 26 40 22 20 29 39 5 31 33 24 3 23 22
17 27 213 1 21 2 15 9 35 3 11 4 25 14 3 5 16 7 18 6 21 10 28 26 7 8 40 12 23 27 13 20 41 11 3 13 45 19 33 15 14 40 48 16 16 24 33 34 47 25 25 17 40 37 15 21 44
18 27 210 1 50 6 22 3 18 2 44 4 40 7 20 8 41 10 31 15 9 5 45 12 20 13 14 17 20 9 47 34 16 14 33 21 7 11 32 19 6 48 30 16 7 23 24 36 25 26 28 18 39 22 29 20 29
19 27 222 1 12 10 48 2 15 6 5 3 7 13 46 4 4 11 49 5 33 7 25 12 10 18 26 19 6 8 22 39 26 16 7 35 45 17 26 9 48 14 26 29 13 33 22 26 36 28 23 23 3 15 50 41 31
20 27 207 1 48 4 44 2 23 3 31 5 36 19 14 7 41 12 27 6 34 8 5 9 22 10 35 16 32 34 41 22 22 11 30 25 31 15 49 21 31 42 2 28 19 17 43 18 20 14 15 20 1 13 21 32 13
21 27 221 1 1 16 3 2 9 4 39 9 23 3 46 12 50 15 48 7 3 5 21 6 17 11 16 36 12 8 18 10 8 17 22 19 40 25 42 33 44 31 32 14 11 21 18 32 38 13 21 48 37 18 19 27 36
22 27 202 1 50 4 7 2 8 5 15 3 18 10 12 6 14 7 33 20 24 11 7 9 10 13 4 8 49 25 31 21 22 12 17 14 36 24 38 17 2 35 13 19 17 23 13 16 37 18 50 41 28 15 3 26 13
23 27 208 1 36 2 6 5 40 6 23 7 7 12 31 4 21 3 3 8 42 9 38 33 21 16 29 10 3 21 13 22 48 15 41 18 44 13 38 17 27 11 42 14 10 35 21 43 36 20 42 29 30 23 7 19 9
24 27 215 1 36 3 40 2 32 7 37 4 11 5 13 14 28 6 10 9 34 17 7 8 40 13 28 12 33 22 22 20 48 11 25 40 47 26 40 18 46 31 3 10 33 19 31 16 22 24 14 15 45 43 48 35 35
25 27 213 5 48 1 28 2 19 6 20 4 16 3 26 8 6 12 3 15 50 11 8 14 3 35 12 7 17 9 8 32 49 10 27 21 28 46 33 19 39 20 49 17 7 28 20 23 30 16 10 13 28 31 38 18 33
26 27 220 2 7 1 36 3 15 4 16 5 19 10 21 6 25 27 14 19 39 7 4 11 23 12 28 13 11 31 31 46 30 18 11 42 1 8 48 9 45 23 4 14 6 21 47 16 32 40 11 15 30 20 32 17 43
27 27 227 1 23 20 39 2 6 3 21 11 37 13 13 4 31 6 17 7 5 5 49 9 2 8 41 18 25 10 36 12 27 15 2 23 42 16 12 17 38 35 20 19 23 37 41 38 6 31 8 33 46 48 44 14 48
28 27 214 1 48 3 11 4 40 2 18 9 26 12 34 6 17 5 9 7 12 14 25 13 46 11 27 8 17 21 9 24 23 22 37 10 39 17 38 23 30 15 10 27 23 16 19 37 50 46 45 18 2 26 30 32 15
29 27 216 4 15 1 47 3 2 2 20 9 44 6 1 10 12 5 49 7 47 13 34 14 9 8 47 18 20 12 24 15 44 23 48 16 33 25 14 20 47 17 34 11 36 38 47 22 4 35 20 26 45 45 28 28 21
30 27 208 1 13 2 22 6 19 3 22 7 15 4 5 8 44 14 32 9 14 5 50 13 29 15 23 35 43 12 34 23 49 11 20 10 24 18 7 40 16 16 47 21 1 36 41 22 32 19 16 20 4 17 6 30 12
31 27 216 1 11 4 7 8 38 5 18 12 14 3 45 2 26 11 11 23 50 6 25 29 40 16 50 18 10 7 20 14 3 33 7 20 46 9 44 10 16 13 19 32 12 36 20 15 48 24 35 35 15 25 40 21 25
32 27 208 1 25 3 33 2 36 7 36 4 8 9 38 5 31 8 38 16 15 28 19 6 30 19 23 40 19 13 8 10 47 17 40 23 1 14 32 11 46 18 36 12 36 15 4 35 42 20 14 27 46 33 18 21 36
33 27 220 1 33 2 30 20 42 4 22 8 44 5 32 3 36 13 28 14 29 16 33 7 18 6 49 9 9 17 28 11 5 15 38 10 3 12 18 29 21 27 15 34 15 28 10 48 8 18 29 26 22 38 39 19 23
34 27 202 5 4 1 32 3 5 2 2 8 3 4 23 15 28 7 37 6 8 25 28 11 26 18 24 9 44 17 1 23 9 13 46 34 31 10 15 12 39 26 42 20 1 21 27 16 48 19 25 14 48 22 35 43 39
35 27 208 1 37 2 41 3 29 7 36 4 22 10 12 9 40 5 2 24 47 6 32 8 5 23 31 14 16 11 19 13 26 16 34 19 19 21 39 28 48 15 31 17 42 45 20 25 27 12 34 31 21 26 3 22 45
36 27 227 1 12 2 8 4 41 14 38 3 16 6 15 7 10 5 23 17 21 8 40 26 40 12 34 9 34 40 14 10 5 18 46 49 24 19 38 13 37 20 39 36 16 39 24 24 33 31 8 11 24 15 28 16 49
37 27 199 1 44 2 29 7 12 4 31 5 3 3 26 11 19 9 10 13 44 6 21 21 47 19 30 10 32 8 47 17 32 15 1 14 28 20 36 28 22 16 38 22 2 23 3 32 38 12 47 18 36 24 38 39 10
38 27 218 1 37 2 42 3 26 16 35 9 39 6 5 12 36 4 2 13 5 5 41 11 46 7 48 19 17 8 45 10 3 14 3 23 45 22 22 28 40 25 36 15 16 20 18 17 47 44 22 33 45 24 24 46 15
39 27 219 1 2 2 25 4 10 3 39 18 5 7 34 6 36 5 8 8 49 10 23 9 39 11 21 14 23 32 41 23 38 13 39 35 45 15 12 38 41 24 43 21 27 22 19 19 9 20 1 29 2 16 18 33 26
40 27 211 1 32 3 30 2 38 6 9 8 8 5 48 4 35 24 18 12 19 11 27 10 34 7 3 9 16 16 3 14 23 21 22 13 12 31 1 30 40 20 25 48 14 19 37 15 39 22 42 37 18 18 46 17 20
41 27 223 1 2 2 28 4 17 5 8 3 5 6 46 7 18 8 9 10 39 19 14 9 10 30 23 14 41 16 41 11 36 13 48 32 31 17 7 12 49 15 6 20 38 18 39 39 17 49 27 21 5 28 42 37 29
42 27 222 1 35 3 8 2 45 6 50 4 32 21 29 5 33 9 34 10 17 11 37 8 31 49 48 26 29 7 8 15 36 13 39 18 46 12 9 31 10 39 28 22 38 23 46 25 26 33 4 20 28 17 29 14 48
43 27 197 1 45 2 43 23 3 4 8 3 42 5 32 9 30 7 31 6 21 17 37 11 11 8 19 13 47 25 24 15 46 12 37 18 19 21 41 10 42 24 39 14 44 22 2 30 22 19 23 40 16 20 31 16 11
44 27 217 1 24 2 4 4 35 3 34 7 6 6 45 5 13 9 8 14 40 24 35 13 48 16 4 10 29 20 25 22 27 11 47 25 1 8 45 17 29 43 14 26 15 19 36 18 47 12 14 46 36 33 31 21 13
45 27 209 8 17 1 27 3 12 2 17 5 20 4 28 6 46 11 18 7 17 10 37 18 27 23 15 21 30 12 31 17 38 9 17 20 16 35 50 16 6 15 2 24 15 13 39 26 44 14 49 49 34 19 18 31 37
46 27 221 1 6 2 28 29 48 4 7 3 5 5 41 10 23 16 31 7 12 6 26 23 44 8 12 9 47 20 47 13 4 12 11 30 17 19 9 33 44 15 34 26 13 14 16 11 25 28 31 44 42 18 20 37 49
47 27 205 1 21 3 14 2 29 4 1 5 6 10 15 12 30 11 45 15 27 9 47 7 18 23 6 8 31 6 25 33 18 34 4 24 37 13 1 19 7 17 17 21 24 14 14 22 47 20 41 32 13 16 34 29 47
48 27 213 1 23 5 11 4 47 2 13 7 35 15 5 3 43 20 26 39 48 11 3 8 50 12 46 9 16 10 23 6 28 18 36 22 20 13 6 25 21 32 47 19 10 14 5 30 47 17 37 28 44 16 41 40 9
49 27 217 2 40 1 18 3 35 34 6 8 29 6 24 4 9 5 18 7 28 16 25 15 33 11 1 10 11 19 37 14 48 18 18 9 25 13 17 17 42 37 45 12 30 22 40 32 29 45 9 23 7 27 6 24 43
