0 27 1328 100 25 172 40 162 45 11 14 128 46 18 48 8 35 82 45 21 45 61 21 98 26 191 1 75 30 164 42 90 43 59 13 32 20 107 42 33 36 189 2 84 47 186 17 43 9 103 31 181 21 161 40 97 42
1 27 1533 104 38 176 45 30 34 157 14 5 15 7 39 200 46 191 33 144 28 151 36 86 14 41 16 174 21 36 36 112 34 28 15 173 3 159 5 188 17 168 42 81 26 132 31 73 22 115 16 2 16 154 37 179 44
2 27 1423 5 4 166 42 189 27 76 16 44 48 170 4 2 9 21 21 52 1 199 34 181 21 57 46 39 8 113 42 145 43 137 1 146 4 92 34 82 17 102 25 167 21 31 20 180 1 193 31 151 41 84 13 23 31
3 27 1154 51 30 43 44 176 35 82 28 30 35 120 15 17 36 16 43 4 39 123 24 170 23 68 2 76 8 118 11 22 40 41 25 171 35 18 49 71 2 126 2 186 47 166 4 35 34 47 38 172 21 113 41 46 30
4 27 1400 92 23 189 11 183 11 52 25 187 25 9 4 73 31 55 50 82 43 99 49 146 33 132 44 170 3 17 35 195 12 14 39 86 3 199 18 165 1 42 1 25 2 106 49 32 13 150 15 57 48 63 4 180 45
5 27 1311 50 2 49 16 136 46 79 1 34 14 55 32 183 21 176 21 58 27 179 8 160 43 24 49 7 38 4 39 184 3 192 35 118 29 180 48 13 11 196 45 30 20 77 39 107 49 8 32 99 16 120 2 104 5
6 27 1383 155 47 39 24 125 18 172 4 30 34 89 28 79 44 7 48 72 47 46 28 45 2 78 2 186 26 18 7 73 11 136 20 150 9 196 17 82 1 149 18 139 26 146 35 84 45 6 30 192 36 96 15 176 31
7 27 1364 41 45 137 22 170 47 157 39 148 17 36 15 149 37 15 16 177 40 113 11 23 9 69 2 51 6 26 46 120 4 178 12 50 14 133 19 112 41 59 10 108 45 126 6 181 40 79 37 20 3 97 40 154 47
8 27 1241 95 32 44 14 37 23 126 36 86 10 57 50 51 15 9 8 161 34 165 41 73 39 50 3 25 21 155 23 60 10 172 4 191 15 119 29 188 44 17 25 54 23 174 4 139 34 13 50 67 27 40 41 115 41
9 27 1500 193 41 61 49 163 20 159 34 25 1 101 44 80 40 139 48 64 44 120 40 199 10 123 11 109 42 187 1 32 3 141 27 143 4 75 8 33 41 50 36 91 45 117 32 83 14 146 29 87 27 92 9 188 3
10 27 1533 150 26 53 34 179 45 110 23 50 36 130 25 121 23 76 6 115 20 122 47 54 35 142 32 119 28 161 12 188 48 114 40 73 18 175 3 15 34 64 21 157 40 91 29 165 48 144 36 169 40 5 33 125 23
11 27 1111 12 35 37 1 32 2 40 7 172 14 59 36 49 36 1 20 43 41 62 21 55 10 166 43 78 7 84 35 89 10 109 2 45 45 3 28 47 42 18 8 95 5 56 30 155 27 174 45 197 2 150 12 194 29
12 27 1245 19 29 13 9 140 22 111 34 18 13 164 14 106 49 33 13 93 39 121 25 94 49 198 40 139 44 88 8 38 17 78 16 79 36 158 2 141 20 110 6 185 18 55 20 32 47 108 4 123 3 3 21 43 41
13 27 1434 66 35 181 25 173 47 2 40 77 40 147 29 87 40 150 49 95 34 116 49 103 47 48 11 51 20 115 5 42 7 97 10 44 27 184 18 123 38 157 2 27 6 180 15 129 13 141 14 128 42 117 27 89 29
14 27 1074 29 10 193 33 52 2 81 13 145 8 46 12 32 35 20 33 161 25 114 26 121 42 190 14 8 20 55 24 48 45 2 26 104 46 60 7 47 40 169 41 97 17 54 29 101 24 63 12 100 27 39 23 18 30
15 27 1258 186 27 49 42 100 46 86 3 123 41 199 32 48 45 74 16 188 22 182 41 2 33 66 15 96 18 41 36 90 10 65 25 187 14 18 38 161 3 91 36 43 41 169 40 37 42 58 24 116 41 17 17 25 34
16 27 1348 133 20 151 23 5 40 135 22 66 21 87 33 110 49 137 50 34 32 40 3 173 27 44 30 52 9 20 28 197 4 160 17 4 35 73 46 19 46 13 41 132 48 131 36 164 17 191 16 162 19 71 22 193 42
17 27 1251 99 40 95 11 58 1 82 48 113 28 162 5 59 9 154 41 145 5 57 11 48 22 2 16 135 23 88 7 15 30 4 26 19 11 26 13 175 27 22 37 131 32 97 37 173 43 141 29 156 38 157 6 89 29
18 27 1522 93 47 194 24 103 49 150 22 162 27 186 6 54 13 77 40 45 10 38 33 32 31 174 12 113 16 142 20 6 23 115 2 66 38 154 16 189 27 127 18 165 34 121 27 62 23 22 49 156 5 129 31 169 14
19 27 1386 145 34 8 15 139 30 129 42 168 47 62 7 74 41 24 38 144 16 36 5 190 7 103 47 13 34 177 31 97 22 66 4 88 6 183 16 79 33 141 41 169 33 114 8 106 9 73 41 14 49 68 11 162 1
20 27 1629 87 42 99 10 160 3 199 15 137 14 12 18 149 5 60 39 123 42 105 30 197 13 104 40 126 17 190 45 179 3 195 16 45 27 156 47 176 20 136 41 81 3 41 37 162 30 109 3 140 1 48 45 42 25
21 27 1565 112 32 69 40 134 15 107 30 60 36 37 8 163 7 193 3 139 47 96 26 160 25 34 12 62 26 165 9 120 6 183 39 102 25 75 17 131 6 128 18 185 30 99 28 135 37 24 30 114 34 156 50 147 17
22 27 1322 25 13 125 44 21 10 79 9 164 3 83 32 185 39 159 3 31 43 134 31 72 20 69 46 49 33 156 32 129 24 106 44 1 1 110 29 172 23 133 7 104 18 45 12 27 5 105 7 76 25 175 23 109 5
23 27 1390 81 40 186 4 47 29 4 48 92 16 78 15 138 13 21 44 80 15 55 1 91 11 155 49 39 31 76 13 156 34 170 38 126 5 191 22 83 47 171 26 12 1 140 1 163 11 94 42 177 49 44 20 111 50
24 27 1571 168 1 181 45 14 38 131 33 75 6 89 17 27 21 115 50 96 28 102 35 179 14 147 22 57 24 172 50 143 33 49 10 135 31 148 18 187 32 94 42 170 13 20 42 177 21 139 5 22 24 185 35 120 6
25 27 1242 141 45 180 42 137 14 193 49 148 23 55 48 41 29 38 32 51 50 53 42 29 24 33 35 195 6 19 30 77 26 172 22 5 16 160 18 108 8 118 32 12 15 24 2 45 12 85 45 113 38 189 41 63 21
26 27 1399 175 7 178 45 88 6 171 12 29 25 127 39 145 34 146 12 65 10 26 41 113 22 102 48 117 16 87 7 107 49 33 5 6 28 45 13 148 6 192 24 182 32 170 17 31 33 138 8 51 30 28 50 98 44
27 27 1477 86 6 100 34 134 32 190 41 109 34 53 8 89 46 82 22 127 3 140 6 186 25 93 43 49 45 174 27 94 23 70 29 80 21 164 13 52 4 55 13 139 8 120 30 103 3 153 32 108 43 119 33 85 17
28 27 1257 28 11 43 21 185 14 52 15 184 17 29 38 72 34 100 11 143 21 190 47 76 44 178 33 138 16 75 6 199 11 23 28 73 17 50 8 81 1 74 16 20 2 3 41 137 2 101 29 42 26 136 5 82 23
29 27 1544 71 8 81 21 18 3 198 41 199 50 151 50 125 17 178 19 161 15 23 12 145 47 55 20 146 42 25 29 167 47 86 47 19 3 149 18 166 46 122 17 120 40 87 50 160 48 116 32 61 10 180 15 80 25
30 27 1380 57 6 55 23 54 40 21 22 195 19 39 41 139 6 87 12 173 8 51 9 159 13 106 24 96 16 134 26 33 15 152 41 172 7 15 25 98 35 48 42 155 38 135 45 193 21 165 30 59 24 89 21 81 14
31 27 1434 117 49 47 44 31 11 95 23 182 3 37 8 151 21 157 44 177 44 128 21 139 50 29 3 88 28 22 10 111 35 109 32 71 41 144 18 113 28 170 49 35 20 171 44 66 49 137 43 119 27 93 48 130 24
32 27 1292 187 9 95 48 69 31 126 29 162 48 19 8 65 31 135 37 79 21 58 1 64 23 99 3 116 20 179 10 60 35 7 21 31 4 191 11 81 20 125 29 138 34 45 19 68 33 140 41 52 6 163 50 30 19
33 27 1645 190 41 139 50 125 45 172 7 149 12 70 29 81 44 9 19 127 6 39 46 188 37 37 28 192 43 90 3 124 10 193 15 99 44 141 43 165 50 143 26 69 24 159 12 132 27 140 37 167 37 77 5 73 4
34 27 1063 43 17 198 34 19 24 11 38 141 4 30 36 120 29 78 46 49 1 156 10 85 34 1 23 50 37 104 12 105 48 102 31 96 27 24 9 64 16 62 46 3 34 26 33 179 25 33 34 136 19 169 37 42 18
35 27 1478 125 40 121 36 146 21 63 50 151 11 126 26 169 42 194 32 187 46 115 14 28 45 38 13 130 24 33 48 62 24 138 16 188 24 61 8 60 10 186 38 168 27 131 2 65 28 58 13 66 22 94 41 54 42
36 27 1469 4 28 58 41 43 47 64 5 106 4 67 16 153 2 103 23 130 33 174 46 62 41 173 19 105 40 140 49 132 46 142 35 73 49 76 17 148 41 53 44 139 18 197 40 120 21 71 4 146 16 118 38 141 38
37 27 1436 143 30 128 43 62 23 34 48 97 34 23 15 131 14 187 34 157 26 153 5 67 25 77 40 80 22 105 47 60 45 185 4 127 14 46 40 88 31 87 36 166 10 50 47 175 38 32 33 113 36 140 32 160 16
38 27 836 21 40 38 27 188 47 74 22 2 50 35 49 91 24 29 27 9 44 10 42 12 48 25 45 62 11 34 43 120 1 165 11 42 49 86 15 70 37 66 7 85 6 82 15 84 41 11 22 52 2 49 29 131 11
39 27 1482 141 16 55 10 117 22 123 4 13 21 192 29 42 28 96 50 115 1 132 29 134 24 189 7 25 43 92 24 173 22 136 13 138 42 124 6 113 46 159 27 66 50 107 10 180 2 109 46 4 42 24 40 165 15
40 27 1340 96 40 109 39 15 33 161 2 145 50 43 18 55 8 66 15 184 33 67 43 142 46 44 1 194 18 89 9 182 34 100 42 123 14 74 35 167 20 36 9 38 40 116 3 6 2 185 22 94 29 69 39 81 11
41 27 1487 88 24 129 26 32 12 112 33 104 36 196 29 20 14 99 5 123 38 96 40 142 1 193 28 125 36 156 43 175 36 62 10 184 40 93 45 101 26 100 36 181 7 37 29 111 11 118 8 52 9 10 45 136 34
42 27 1292 130 44 127 6 31 32 70 42 165 9 185 11 111 12 61 46 34 41 52 22 71 14 84 40 23 36 198 32 180 35 166 9 80 42 117 11 73 36 2 39 196 38 149 6 49 9 53 35 1 6 8 23 169 42
43 27 1334 162 43 27 11 174 6 148 39 66 27 182 32 89 6 119 41 194 14 180 43 171 29 103 23 15 6 78 22 30 48 65 44 140 41 54 14 48 3 4 16 132 36 47 20 143 18 62 37 183 42 31 4 22 35
44 27 1504 128 36 140 6 9 22 155 26 65 45 68 20 160 16 23 15 181 4 52 29 173 45 48 35 83 31 28 13 184 49 197 13 36 39 196 12 175 21 26 19 89 45 180 6 117 44 88 22 146 16 195 42 66 31
45 27 1036 174 46 8 36 31 8 34 43 43 24 113 38 35 37 59 10 107 49 86 4 175 31 141 47 28 8 143 19 23 23 44 20 82 31 52 41 115 45 83 40 9 22 127 45 130 38 1 28 38 33 19 20 173 17
46 27 1344 148 31 109 18 105 33 14 25 16 44 178 6 160 22 138 50 130 9 26 26 91 15 128 20 159 15 103 29 37 25 95 36 157 3 137 18 140 2 12 17 7 23 191 46 22 22 56 49 48 48 114 25 168 24
47 27 1354 92 20 152 28 96 48 15 5 119 20 88 37 109 39 177 47 122 17 44 44 39 49 94 38 197 9 12 16 134 5 137 37 32 34 148 38 185 17 72 3 17 12 102 44 58 25 112 1 118 50 164 39 74 1
48 27 1389 63 8 157 49 44 41 182 28 190 22 14 6 30 36 110 49 147 13 144 7 138 5 57 7 8 22 95 7 196 47 121 5 106 21 150 48 53 29 137 26 193 45 107 30 54 5 176 19 84 8 7 41 16 13
49 27 956 100 38 9 7 85 8 127 41 63 48 140 12 2 19 98 29 42 35 92 48 19 18 41 3 25 49 195 40 161 44 129 22 52 13 31 31 3 45 80 45 6 33 13 3 111 25 97 47 118 44 40 36 33 38
